85.9281
79.4885
58.3299
55.7841
9.57832
81.839
98.445
2.24062
10.7397
78.5352
91.2516
44.647
95.7485
99.2865
12.7528
6.34343
44.4414
91.839
45.3969
19.0379
76.7847
47.7688
29.7962
10.8789
83.0209
79.6167
37.7592
86.3261
46.1376
45.1389
5.24532
32.0658
24.6274
63.5752
87.8499
34.2057
45.4142
86.2949
36.4464
56.1539
64.8301
27.6979
0.800862
60.5786
26.9844
13.5536
66.922
71.4258
5.39258
12.3189
90.4637
82.1772
60.0877
20.2599
93.0561
43.1086
99.8766
30.8153
29.4347
46.0142
75.9543
34.68
78.08
0.581682
98.2552
65.9299
34.7874
43.6694
52.2248
71.2338
99.8233
17.0549
98.9317
0.624119
77.6335
25.9161
14.1778
44.5555
97.3419
19.5703
56.8745
87.8056
1.74759
16.9621
8.06543
94.8037
60.0707
7.942
25.619
89.5054
53.9562
1.57331
24.1854
32.0362
2.15499
22.4406
97.9661
36.9424
66.11
50.1909
8.17617
65.9332
67.2458
7.10786
66.5573
44.8793
33.0239
80.7351
89.4348
30.3658
0.305426
46.3092
18.1714
2.05301
63.2714
26.2368
96.8567
23.3421
34.1788
22.4757
12.8475
88.135
24.0491
37.0328
20.1712
26.204
59.4734
18.1373
63.1464
25.5833
68.3281
71.3226
91.5166
35.5739
78.4305
58.0739
80.4532
11.4544
38.809
69.888
41.8202
39.1144
16.1972
59.9916
41.1674
79.4686
86.2283
38.0241
2.81067
20.4071
60.4999
15.6581
8.54213
84.5489
52.691
28.7133
10.753
12.1643
46.8506
73.8994
37.7477
15.1787
45.222
29.2642
50.7526
23.6525
87.3381
31.2058
35.1069
26.1471
1.09375
76.9271
65.2615
17.291
36.9186
6.42894
96.7596
23.147
44.4531
99.5702
43.5541
4.95294
15.2284
52.0962
89.5019
67.9193
80.8095
0.254828
80.0837
27.6601
74.1542
17.8314
42.8389
19.3763
47.0956
93.5915
43.0287
34.4338
24.7973
78.1356
60.5809
25.891
55.0627
25.8424
43.182
91.9813
32.2713
39.9415
15.1283
76.7244
39.5118
58.6824
81.6774
54.7401
10.7786
71.1792
22.6595
91.5881
71.434
2.74313
19.2482
45.5883
20.5745
62.0871
64.9645
67.6701
55.6786
7.99326
2.10386
80.4758
86.1289
62.6847
6.36683
41.1916
88.5271
49.5488
33.1729
20.7985
89.4903
48.3011
97.5229
29.0021
6.98347
79.2002
83.7422
17.762
50.3794
6.40169
9.35016
21.8135
9.14483
28.5984
67.4017
29.7193
90.6855
32.3662
97.3894
46.3641
40.3595
99.4933
26.8399
26.4884
62.178
33.2067
67.6799
50.7051
82.7555
0.852793
71.5036
72.2459
49.1539
69.0265
1.24798
56.1374
48.2267
84.9902
73.8994
98.6061
91.3919
83.2496
20.4195
0.536737
11.848
87.8213
30.2561
2.5335
20.1875
27.6455
48.8976
60.547
27.1388
75.7375
87.0354
89.3168
8.94418
54.7153
40.0219
91.6997
55.5681
11.5255
63.9456
4.72204
80.552
65.1936
60.8594
28.7786
50.1838
34.7589
27.3847
41.5757
18.0085
47.8042
42.1124
29.8565
35.6255
72.3685
32.3899
55.813
0.0139659
81.2875
16.36
27.1527
57.025
3.39542
16.4695
65.9692
58.1108
56.4914
57.6689
13.6789
68.0169
21.6144
18.4009
48.5689
86.808
79.2604
77.3475
36.9918
14.0192
4.73217
78.5675
32.0277
52.5364
20.6799
61.8841
88.1619
93.0484
94.2741
43.9749
93.0623
75.5616
60.3349
20.2151
32.5866
63.7303
36.6846
98.5557
21.8411
93.176
56.2246
35.52
61.1929
77.839
53.9209
9.76177
64.647
33.1812
87.1093
1.63877
47.2005
91.8414
80.2062
79.2281
44.3778
0.886114
41.1122
32.5397
93.9345
35.3863
76.5146
86.9968
10.9479
36.8495
7.21188
43.5345
0.579793
43.8965
42.0902
22.4209
37.0724
98.3147
57.9408
98.2654
76.1537
11.8617
8.02712
40.8007
45.043
95.1364
42.4395
92.2434
86.9778
22.6457
71.4716
31.3556
23.5318
12.5838
63.8953
17.4663
47.9701
40.4099
4.46313
58.918
77.2593
11.675
2.45247
77.8391
55.5715
44.5426
0.259996
92.6439
42.8574
58.2008
90.9092
19.0111
70.0626
98.9364
59.8118
15.1055
94.0727
2.25129
7.34897
81.0505
24.897
78.8205
12.4061
48.4288
91.4043
76.3014
65.8952
39.3745
16.7113
70.3583
98.2925
93.9706
82.0333
0.744942
71.8097
37.6048
45.2876
72.0697
30.2487
88.1449
30.2705
21.1579
7.15601
0.333097
20.0943
66.9678
15.4386
14.167
69.2191
22.7876
95.2175
94.1161
1.60812
7.62362
42.545
93.0125
83.925
8.44012
32.3869
0.636268
78.7984
30.6794
94.6069
60.8317
31.4243
66.4166
98.4364
76.7119
38.4863
28.6851
64.8568
68.7568
49.843
72.0128
69.0899
69.9373
38.9807
84.5285
84.1043
8.19977
7.31614
79.3218
2.31589
8.92426
86.9454
44.8609
1.93671
70.8704
53.301
34.3236
71.5067
32.0994
65.003
66.1135
92.9311
96.4273
32.5301
91.3675
73.1392
71.0164
20.0526
37.9961
39.7732
69.8956
10.0089
8.86314
39.8329
48.9896
93.3917
23.9372
57.1893
0.707818
3.25898
59.5052
9.63208
90.2044
4.36608
11.5688
61.0748
57.6671
45.8924
32.5815
89.7665
10.8954
98.6951
82.6975
7.32273
31.2252
74.0651
80.462
2.24158
94.1177
18.458
42.0148
64.0133
28.4669
50.8779
3.84625
77.4565
44.2696
27.7834
34.6458
44.9774
31.0424
94.151
54.6095
21.2468
98.5171
66.1783
82.3216
56.1842
12.0707
14.9031
45.9506
22.9661
13.5982
28.6481
30.2889
44.8234
2.71322
10.7508
47.065
96.8309
29.2088
89.0798
60.8443
57.6757
39.9577
64.6905
35.1322
84.2273
92.474
69.7779
29.2048
23.5164
63.929
83.8143
44.7632
62.446
49.9926
27.0848
18.6302
62.0633
41.9879
64.5808
85.0294
55.5862
93.2289
15.3183
0.409542
95.9422
26.0691
47.4745
92.7731
55.2779
36.5543
53.6173
12.9536
76.512
18.3079
48.0858
60.7394
10.7818
17.8637
89.9442
34.2982
81.7927
73.7585
79.0614
44.2387
23.7511
6.14617
62.8689
85.8144
48.1341
27.4497
70.8439
3.72027
20.6786
86.1622
4.12981
16.6208
12.2313
51.6043
9.39384
67.5092
88.1586
63.0112
80.4628
64.6706
81.3191
28.5486
25.41
92.1009
46.4123
15.3542
26.3991
28.205
89.1127
5.46043
72.4437
12.8637
11.6066
35.3126
98.6782
59.7407
62.7623
69.522
63.461
83.4409
55.6842
67.5908
0.0616298
67.9154
19.1951
9.45548
35.4246
7.35375
72.4667
15.8874
72.0244
53.7857
44.4359
97.4344
45.8866
90.8483
12.7886
72.2857
19.0532
1.90124
77.7461
91.4969
14.765
89.3527
26.8095
13.4431
49.0934
89.5717
82.9651
12.5544
73.0126
38.6493
80.1452
73.0742
6.56473
99.3403
82.5297
41.9893
6.6941
54.9964
57.8767
78.7185
8.78211
2.31264
76.1529
54.6687
93.1609
88.9415
26.9544
12.2141
90.8427
4.70048
3.71103
5.6077
94.0532
30.5205
19.0508
43.1466
20.0923
2.01596
55.701
93.1049
40.6653
35.8463
66.1791
47.23
35.1866
48.7088
89.2193
41.8807
3.70521
47.096
20.5992
12.4873
49.4086
96.7521
67.156
42.5695
85.6936
94.1104
54.7837
76.5363
98.8109
58.4947
82.144
92.8641
89.0152
1.19482
36.0107
9.10748
3.21078
91.7117
2.21235
43.876
27.558
68.3915
91.106
62.7446
17.1003
80.3253
4.6253
20.8055
27.4213
25.2245
33.2928
76.83
21.9766
0.448851
19.3995
7.67017
94.5593
74.1832
84.2065
93.3701
32.6779
66.3505
86.2342
21.6931
67.5453
22.2449
30.8005
70.7561
13.9566
33.0129
14.6321
41.5146
1.40436
5.73816
4.2592
18.5047
86.0635
8.88449
39.3102
13.4849
34.109
72.603
90.3148
56.0856
73.0518
9.71437
63.7557
67.6111
83.8975
47.9622
60.9812
16.5754
14.3127
47.2154
38.2685
81.858
69.4603
69.069
52.6141
83.4169
2.08191
67.2462
24.9316
3.48628
72.9843
29.1908
21.9909
59.0478
38.0752
61.3011
72.5327
72.1842
33.9041
62.8475
28.2698
6.95595
72.5619
92.0255
74.5671
56.4595
39.9877
35.5483
73.0349
54.3004
82.7637
11.3033
36.1584
52.224
80.3724
88.7724
35.641
82.4543
56.0186
60.5725
85.9406
29.003
89.7633
7.93149
88.0508
27.8385
69.2326
60.5835
0.0227559
3.13671
23.4311
28.2925
10.0927
95.993
20.3181
84.6597
52.4524
60.3058
20.208
25.4873
14.6062
2.97172
36.7906
50.7646
55.1958
17.163
39.537
90.8368
99.6173
95.5557
51.4093
85.5578
24.5586
41.1726
93.4893
12.6094
69.0111
62.7219
73.1929
69.0339
65.8586
96.624
97.3264
75.9513
92.617
17.6445
60.611
45.0694
77.9503
80.819
70.5567
92.5565
83.7907
7.34735
43.3211
38.9865
24.5103
82.8582
29.8232
24.1276
78.4138
81.2326
9.68542
2.97245
22.4052
3.17472
15.5819
91.4163
65.8966
88.7748
60.4502
31.7552
85.3988
57.7766
7.7065
78.0158
75.4211
68.3175
23.0852
53.3714
49.1365
93.6419
45.928
32.9272
0.989281
89.2491
71.9137
25.4996
72.1073
1.73691
49.6272
50.5211
82.9695
59.3126
53.4935
5.37462
62.4874
69.0754
96.7909
28.384
57.8503
57.2411
60.1392
43.2491
15.0177
67.8457
21.2649
90.4388
36.1632
44.3501
43.8102
85.2997
37.992
89.7382
18.2268
38.9813
78.9873
90.1405
64.4809
51.0945
91.8774
14.1082
1.61563
74.8469
73.4208
55.1092
80.2215
35.9082
24.1846
77.0124
64.2921
82.0348
34.2535
24.4313
25.2839
49.2712
92.277
46.5488
39.71
28.4402
90.8989
83.5202
13.7399
28.8909
73.2584
31.9667
67.8723
52.2457
22.1072
32.3532
3.34024
13.9846
46.4614
4.95587
88.8315
19.8822
60.065
69.053
55.7903
84.2496
46.0654
20.0824
66.2845
80.3189
44.5138
91.5684
29.5901
36.7908
38.1172
69.3
65.231
29.0161
52.8202
78.9709
57.9071
26.0787
10.9376
25.7793
78.3244
33.0449
58.1325
81.6646
47.0295
4.59388
86.6205
35.8611
24.476
46.6855
4.91407
80.2663
30.9352
50.9795
0.348784
97.2196
31.2984
44.8626
88.788
60.8884
81.6534
26.9053
30.1884
46.8844
55.9214
83.0087
25.8553
13.8284
9.08735
36.793
39.6077
87.4117
69.8378
97.7403
69.0763
16.8674
2.33414
55.6968
52.7284
26.8102
2.38228
57.6425
7.07652
33.3174
8.62197
7.4253
30.5371
39.9203
52.2879
19.3251
0.808744
33.9412
46.2304
30.9972
80.8256
2.15175
14.0059
6.68091
15.9802
23.0932
43.4739
55.5879
10.5049
13.3117
53.3282
79.5812
30.1791
55.6623
35.278
82.9075
82.4725
37.6603
40.55
89.549
70.9777
49.172
96.9743
1.51478
89.0923
49.2622
20.8399
89.901
83.2034
67.0703
20.8982
64.029
69.222
34.9041
70.7099
85.2022
57.9973
14.1838
40.7901
68.5023
27.4955
94.1183
48.0835
57.6746
49.7806
83.3614
40.5821
32.2531
21.0217
81.1321
21.8021
91.9994
30.304
18.7764
93.5142
19.3963
68.0386
14.3541
9.29739
51.242
81.4244
30.1956
15.271
50.6464
65.0997
85.9809
35.8487
23.0971
0.164666
76.6388
91.5993
27.6601
70.7571
39.6828
85.3347
20.5377
23.0442
25.9167
52.7909
44.0659
7.04881
74.593
36.0653
37.3528
93.3694
29.5795
56.7492
61.4081
43.9336
66.0466
12.6501
25.358
96.2422
27.9211
76.0045
61.3419
13.902
11.8531
84.439
14.0666
88.4919
76.0383
41.7268
59.249
15.7211
27.0615
79.7867
38.7653
52.9782
32.5776
82.8312
60.027
7.17056
18.8965
97.3799
0.539991
48.476
54.1291
61.948
92.4096
20.1756
74.5981
17.7676
16.4178
2.51918
93.7721
77.7598
16.4212
5.62521
62.1988
30.4878
94.1171
38.237
72.2146
53.3661
53.9581
99.276
33.1528
92.7234
52.2542
65.7304
75.5545
12.2813
72.901
94.451
9.66112
73.441
42.927
63.7902
35.389
35.3367
83.9658
9.98713
53.1043
0.383635
12.5063
46.8764
78.1434
28.9275
52.5016
40.3421
59.4153
46.6187
78.5792
31.6298
99.9848
32.5373
30.9059
33.1377
25.2606
83.1601
98.8681
0.815158
95.4414
71.7691
95.2662
5.10247
45.2101
38.1932
68.8926
80.5991
73.5299
52.8585
90.5862
26.6342
53.2421
3.09253
73.5106
31.3855
32.02
26.0122
71.7276
91.4353
72.6309
50.3068
23.0651
72.6158
82.8441
53.9709
5.75347
8.10472
37.131
4.62158
8.91988
32.5724
76.3907
4.18606
37.6748
21.6007
42.3793
6.56749
2.19983
15.9091
59.4259
92.786
42.5433
12.668
95.8786
16.0539
44.0535
27.8986
42.0661
15.7811
19.3338
14.697
66.088
42.3989
87.3128
48.932
96.3699
93.0663
57.0368
33.5009
97.6879
65.9566
66.0733
74.0786
70.1427
3.74813
95.6793
12.522
10.3156
97.8791
28.4311
69.7416
90.6652
70.9744
82.4096
86.5437
87.0283
26.4631
14.4423
29.0944
42.2443
33.7761
43.7915
8.33221
76.1751
31.1043
57.2643
72.5449
24.1706
14.301
6.04583
21.8585
80.2577
72.1191
95.9371
50.4004
75.8672
91.6164
62.9224
86.1829
89.4955
91.3535
55.9244
80.1607
62.3279
38.334
66.7044
49.3562
64.7971
81.1467
78.4507
7.04138
14.9229
22.2422
15.3736
91.0979
53.3465
72.6378
63.6429
77.5172
86.9389
69.6887
99.3757
67.1965
41.8078
95.3128
17.5969
17.675
86.9291
80.5192
3.85788
76.4246
71.8727
59.7823
56.5853
34.2006
98.1163
23.2897
83.5569
62.9134
4.4364
62.0076
69.9548
19.3593
84.2498
85.3284
10.4572
37.5963
57.9662
74.1001
15.1134
44.9051
43.7887
14.4891
12.1016
85.5965
9.80186
29.6985
3.27157
96.731
10.2177
7.12945
73.1556
82.0905
66.9117
29.7409
16.2911
65.0281
53.0306
99.848
27.9415
57.467
61.8555
97.8963
76.8262
46.1053
83.2247
87.2834
83.7016
41.1909
61.3835
98.815
86.096
5.17222
13.3041
98.1976
90.7688
23.106
27.8961
94.0403
19.8369
38.1139
1.16978
92.9926
20.2043
68.0815
22.7334
36.4954
33.1096
75.764
36.3434
61.0511
33.231
98.1989
58.9474
10.0572
44.3042
42.1721
97.3407
28.0057
83.363
58.7242
26.8207
69.459
63.8964
40.1248
67.6567
54.6651
63.2308
95.5528
48.7055
83.0677
33.6667
49.8753
76.0603
53.871
17.9568
98.7937
90.3664
51.0664
74.5577
26.7098
12.1174
7.78873
24.9087
71.0648
17.846
69.2129
13.2369
15.1866
97.2186
96.5999
73.9108
24.0393
66.059
37.8072
64.1641
33.7156
92.4723
27.3948
29.2684
41.1778
10.4625
62.9351
91.0531
86.5228
16.8061
9.00987
85.3165
7.17254
60.0762
59.8742
33.8824
72.1937
67.6629
58.7911
43.2585
85.5089
28.0039
56.4954
0.695561
25.2225
53.0953
74.6064
49.2618
19.1543
12.4135
13.4258
52.8699
4.88588
40.8206
82.1384
46.0637
51.2832
45.0734
37.1168
37.8059
61.8795
46.1266
23.1224
69.0521
6.20289
82.9966
2.93444
78.3966
50.6596
61.7255
21.6551
36.1685
89.7294
78.1506
36.8641
14.9519
31.2459
11.4704
64.2137
50.4002
23.884
77.6395
3.27013
28.7698
18.4601
85.4085
74.8335
69.7433
30.4819
11.9503
7.54926
92.3615
58.077
30.6717
61.4135
64.2798
13.6683
64.348
42.6764
64.3279
26.0735
64.3315
0.496388
15.8029
42.4821
37.3604
30.7548
73.728
48.8309
94.9685
24.1282
72.7148
72.608
27.3983
1.48466
91.0681
12.8068
76.3182
60.8115
43.2887
88.2685
68.3607
35.6502
46.3455
99.0324
97.0637
10.6253
12.7007
61.4117
53.3017
77.0286
87.4852
17.6333
77.525
3.28807
60.1154
14.8854
34.0429
33.8433
63.7163
29.0114
57.9715
36.4311
1.61936
85.3699
37.9158
92.6875
98.1767
14.234
53.4989
41.4654
2.50247
21.8596
77.1155
48.8479
20.892
74.1792
59.4732
33.5928
35.5909
12.7749
10.6214
23.0761
30.4082
88.1464
26.3642
90.5235
3.03181
60.407
24.3669
66.7481
89.4184
82.3384
3.17922
91.0378
67.7083
41.095
83.7252
65.8849
55.329
37.2242
7.35029
57.8314
59.0838
84.4658
6.67936
79.9759
58.645
66.1526
13.5686
94.236
78.9275
24.19
17.312
9.33566
12.3364
43.6762
99.8592
15.3682
4.08323
24.2261
82.1163
93.5016
6.5645
85.2955
84.5394
74.2728
26.3905
68.2646
40.1577
81.7194
5.48879
47.508
39.5509
64.5726
31.9738
46.2302
44.5485
90.6188
12.3828
58.1171
84.8548
91.3103
82.3071
2.16686
0.645944
94.6434
45.8431
0.505141
10.0116
49.9263
24.7312
92.1279
43.4279
31.2957
77.4233
27.9673
5.56849
3.81382
96.2319
45.7262
85.5333
1.72069
93.2342
25.0841
66.2933
25.208
71.3144
10.8418
15.8268
83.6972
68.9589
0.681615
75.0075
51.266
2.84847
75.6534
45.9094
48.6915
76.1585
55.921
98.6178
0.889756
48.0488
42.0457
32.1855
25.4722
70.013
37.754
29.286
66.2449
83.4801
14.8193
67.9656
76.7143
39.9034
34.2589
1.92227
11.2178
45.1007
17.7491
94.9149
14.0596
18.4307
69.9224
65.3256
21.2792
45.5758
11.235
69.9707
21.7343
67.156
68.5885
22.6241
15.2048
10.6342
54.8096
40.677
80.6472
92.5635
69.963
46.8922
76.0437
84.7823
14.8578
52.758
24.6857
49.1167
54.6802
35.9035
94.2174
72.4293
30.8184
8.27698
90.86
0.740807
73.6025
12.1392
46.3166
84.8375
82.1099
68.0509
51.9935
50.6984
90.675
67.1983
61.3326
45.4846
7.8753
41.9799
38.0481
77.8383
88.872
14.0918
62.6206
3.72976
66.8497
87.3063
52.8464
21.5299
23.2097
47.0638
93.9593
54.0281
55.3408
84.8193
54.769
28.9433
96.9584
1.08555
13.7808
79.0683
69.1365
65.7743
29.7667
59.8115
32.9726
91.0993
5.29608
40.8479
33.0791
43.3442
18.6862
21.9511
57.4359
81.3068
25.6809
24.2856
68.6131
78.5273
45.8156
91.8228
25.5911
39.7748
45.851
80.9319
24.5941
0.619916
9.87519
21.5525
1.70546
23.656
0.620812
70.8419
89.4304
30.3875
30.6534
22.403
21.4867
35.9495
63.2509
54.5659
79.2937
81.9371
76.517
36.7296
63.244
2.19788
61.0153
31.857
80.7252
6.83086
23.6799
6.31628
46.6057
69.5309
87.2482
71.1998
70.1508
97.1233
92.7523
71.8562
20.7794
93.3731
42.6982
10.2097
23.7606
73.3516
32.6127
45.2474
9.30115
95.8636
99.8132
88.5949
77.8007
76.3302
25.3245
41.0447
78.5281
86.3398
72.9017
59.2533
93.1706
96.5816
65.5696
39.7763
66.1125
52.8177
10.9761
36.2632
49.9411
3.72844
8.11945
70.7204
97.1016
50.8176
80.9301
20.8622
24.1692
13.5428
66.1095
33.4704
9.40642
65.9228
22.0653
87.2071
42.253
47.3898
28.2518
20.7811
33.7295
1.15354
80.0344
26.9002
97.7351
45.6039
66.6765
63.8476
98.4216
77.6526
0.110806
48.3627
81.3811
8.23025
19.0831
78.4826
59.0479
0.0132405
99.3448
83.2171
13.5561
65.4544
16.6875
22.9625
31.3771
38.7528
10.1696
73.6301
86.1425
38.4214
94.4112
19.8721
39.575
74.4455
46.7722
37.3101
20.0494
13.4487
1.1577
18.4711
91.1013
1.26851
66.8337
72.4824
9.49876
85.9168
50.9651
68.5466
85.9301
50.3099
51.7638
99.4862
15.7642
68.4513
22.4487
47.1413
7.20404
32.6183
20.7714
93.3466
71.0397
15.1826
13.2186
10.6147
89.6281
59.9909
47.9248
9.6775
73.4396
49.0825
28.1486
64.5409
50.351
94.9823
37.0233
59.8498
80.8992
87.9884
28.3964
66.8292
38.2983
80.1602
66.3154
54.0625
48.6114
88.7641
1.20385
55.8155
21.3823
21.9753
49.1621
92.4221
37.1578
62.3807
3.03675
26.7859
22.3716
50.9616
36.4634
95.8111
0.0440793
64.612
60.3521
50.3951
59.5943
97.3754
10.2449
40.4934
85.3638
38.6413
7.32268
23.6621
18.8015
73.6381
77.7246
67.4129
62.4021
78.9285
23.2284
83.7845
0.903763
72.3905
76.2065
38.0616
34.7712
79.2433
64.8475
57.1427
30.2048
1.3109
52.9539
30.2489
65.9229
13.3059
80.644
25.5171
10.6813
90.8889
66.0106
96.0452
29.5302
73.3333
19.7073
48.3317
46.9713
97.432
15.7447
9.37347
76.3605
38.9731
93.1579
77.2642
11.3635
69.3645
15.3258
46.1347
48.6077
80.1733
3.27742
78.8126
81.4842
56.2313
9.06148
47.4071
69.5372
89.7055
72.9242
80.2185
80.5944
38.9348
76.2637
10.1247
12.268
95.971
58.4564
59.2394
93.403
74.201
68.6129
69.7634
13.1741
61.7708
47.0276
24.5376
31.1352
62.3534
70.6724
79.743
42.5267
73.9498
58.5555
24.0109
30.181
67.617
71.418
99.7182
57.3225
44.3422
79.9368
37.9169
83.277
56.2005
48.0416
95.5451
52.1715
6.49797
54.7844
45.5745
80.699
23.3973
15.3379
93.8731
85.1681
62.3656
18.4108
16.3033
24.719
89.0831
96.0463
67.2457
63.0329
54.6018
91.2567
93.2139
22.2189
62.6747
92.9321
79.5414
7.01689
72.8689
17.4583
90.2939
29.0694
65.4999
85.839
81.2409
71.9979
40.6234
26.8154
52.6969
64.0207
42.1533
46.57
49.1888
4.51888
64.9808
65.4921
29.2379
54.0639
61.5384
96.4836
17.0967
16.1403
87.7403
10.3106
38.3591
50.415
3.24276
17.9005
57.4319
76.1117
35.3588
47.7258
5.18105
0.858753
33.5647
86.422
72.8566
74.1881
13.2374
25.5535
38.2088
55.3907
72.1235
87.3976
59.9096
37.1043
52.8897
89.1475
91.1681
14.4281
85.6311
8.26487
30.5684
73.3714
18.5755
68.9275
23.7863
21.8183
86.828
81.2182
97.9299
22.1868
28.944
3.11098
23.0456
62.5087
89.5329
95.9022
36.6968
2.77029
21.4558
74.9056
58.161
93.5793
62.3032
18.0705
30.6836
15.1929
7.21799
21.8517
29.6211
92.8491
30.1166
60.1894
66.2204
48.6921
29.1169
90.0068
70.5104
15.9449
71.2249
68.4403
38.1318
0.168902
71.5513
61.1773
62.6776
61.0842
57.0796
99.3744
63.8545
78.5353
74.28
22.0155
72.1146
36.5833
40.086
2.79817
51.7762
47.304
24.6499
81.3973
40.1531
54.7664
41.5867
6.3735
3.45853
70.7036
96.3803
73.9689
86.6485
67.6052
42.4092
24.7803
67.7741
13.9605
85.9576
30.4517
75.0447
43.0372
29.8261
38.8992
21.5725
4.10611
60.9146
93.6871
40.6894
1.00067
96.4853
92.4656
48.3047
21.1351
73.8628
88.4578
75.9016
15.4495
94.8313
79.3601
86.1531
91.2115
53.329
72.8016
58.8167
95.7382
97.5819
26.5908
9.69864
83.5395
57.0425
84.7433
26.5767
86.8686
23.6425
48.1492
90.9747
84.5571
41.8363
31.6641
85.5578
38.3215
24.1296
33.8625
59.4567
97.9924
22.3203
35.3583
13.4419
17.1515
14.7184
99.595
8.36304
68.0474
72.3967
67.1798
63.7856
69.9786
93.7706
73.4842
53.5181
50.8131
58.2275
80.0948
37.6817
81.87
28.244
28.6564
66.4271
70.0803
60.3204
51.9849
8.40179
84.4501
85.8474
67.8585
82.4425
8.16765
3.21673
95.8844
25.3192
17.9351
95.4795
33.6822
85.9825
67.8762
0.861982
49.768
37.8547
94.6326
23.2522
91.3728
45.4457
81.4798
71.4676
83.1273
63.3498
99.7116
11.7837
29.7769
69.7918
72.1041
81.7618
78.1936
56.5542
67.6092
46.0521
38.9967
75.7768
49.2688
34.8811
1.096
67.2039
30.3606
34.7782
53.1864
98.2368
35.6402
2.95444
36.0915
30.2728
26.2067
27.4643
75.7184
7.68645
98.932
58.8458
71.0362
98.6435
70.6295
0.813068
68.4353
42.7336
82.5748
46.629
99.2878
50.184
92.681
38.2845
25.9608
41.9499
73.1657
27.0568
9.15377
3.52629
61.8351
62.3402
1.76307
97.4752
65.2946
37.8546
27.748
91.5013
65.3189
3.46643
99.1877
64.2509
62.3122
70.2239
62.8944
32.9417
71.037
31.3298
75.6753
53.6119
77.9587
74.9631
3.79587
70.6398
13.2476
29.7567
12.5896
86.4133
56.8136
21.7434
89.9396
18.6486
84.0836
91.7027
16.1238
49.3782
29.5573
43.8718
40.8795
94.8762
47.3383
40.0672
59.1271
9.65047
10.2911
22.0215
42.5921
81.3282
53.3513
18.2674
34.94
31.31
93.2305
38.7359
1.94975
6.47817
68.4926
14.5394
92.8915
25.3062
36.2828
82.831
43.9548
20.3663
74.5337
60.0786
69.7445
4.09095
3.95045
10.6239
98.9671
51.2887
50.6911
58.0942
60.9392
60.9823
80.1157
3.53135
42.3105
33.467
21.7988
77.2505
64.777
15.0293
15.9864
66.7267
21.5075
84.479
81.2661
14.3989
9.78513
17.5489
97.23
53.7399
37.9152
71.7637
13.8185
7.65967
75.8546
17.7689
18.2836
74.8218
69.0577
68.9748
32.916
29.9969
29.9571
13.0317
33.5282
72.2675
46.4987
55.327
49.518
11.2757
70.3563
65.5044
78.0025
91.8638
49.9833
59.2686
6.26272
59.7685
76.8175
3.49269
13.5083
14.7326
75.2564
27.3268
22.3923
51.111
45.0958
40.6759
25.9328
14.1534
9.6507
58.8488
44.1503
39.6078
71.8805
77.6785
11.8753
18.3792
33.0055
61.3933
29.655
3.36179
26.8976
7.65746
95.2256
76.8809
66.9261
1.48828
36.6494
43.7435
4.98098
50.1577
58.4762
80.2374
77.4846
80.8685
31.3483
22.5803
21.5444
57.2811
36.7337
31.1951
16.1299
80.884
70.8029
88.0103
58.5625
82.6782
6.38959
91.568
44.0714
36.0446
94.9298
70.969
43.702
90.1554
47.85
10.6281
91.6437
84.4994
54.3716
96.6246
34.6571
12.8478
76.862
12.1416
93.7163
8.21034
34.722
15.2607
65.4914
71.4557
46.4558
81.6213
52.3397
17.2587
69.6316
10.9022
99.9369
76.0212
2.47026
44.0083
12.0658
97.4001
14.9773
55.7678
87.5555
62.8273
66.3959
79.1991
47.3266
20.7675
75.8238
81.9837
33.6153
52.6858
94.1254
27.3316
60.8961
28.8473
42.5923
26.3876
0.30299
89.0481
8.00885
52.6427
6.3068
77.6405
63.5449
6.24367
53.6617
66.0152
50.252
65.7275
63.4153
65.2293
21.4953
50.9708
28.0566
87.8913
30.1699
75.3832
8.65877
5.99368
57.3669
42.2741
58.6795
51.4923
69.6056
19.5756
80.3396
12.1979
45.9632
80.6426
1.24596
53.972
33.2853
7.55275
31.6125
96.8302
13.7964
85.2742
62.8454
64.0484
51.0017
26.2607
29.2777
72.4971
77.2315
57.3343
60.3883
7.40137
32.7175
69.0471
13.3951
90.0844
11.3212
72.0745
41.5767
80.9268
91.6501
21.9163
93.1246
37.6133
2.55893
94.3706
91.5853
35.8442
1.92336
23.1978
32.6745
15.7198
8.47203
95.5199
79.7682
59.4738
21.7806
9.04585
31.9708
99.0121
66.3801
92.3592
6.41348
99.0976
61.4063
19.8085
89.182
72.7274
91.8831
30.7588
53.6542
83.5332
52.6751
46.7788
21.1465
55.234
41.1494
12.7318
91.0783
43.0728
35.9296
23.7527
58.7926
44.4016
19.2726
38.5607
3.87535
41.0532
47.6066
35.8462
40.0653
13.9867
28.2054
46.4788
13.0843
89.6116
66.2874
2.26635
62.3391
58.1704
33.0251
15.9933
41.7036
85.7002
62.7721
62.8501
40.9342
3.92154
75.5818
32.0125
46.9943
11.5114
55.7652
5.78692
55.913
75.0378
44.3477
59.7883
16.091
91.9543
95.6345
56.1564
5.94097
23.8399
2.6352
19.0253
13.4515
68.9226
21.2916
75.7906
27.093
54.3168
91.7838
68.7966
40.017
54.5559
31.6467
80.9512
58.4775
7.22852
12.9637
5.47181
18.7399
68.7289
11.2587
74.6529
43.7667
55.6064
34.4412
59.8577
47.5607
30.0757
16.0141
53.5016
53.9156
18.6493
72.5269
67.3671
87.5719
93.8186
43.1577
14.6649
48.1353
34.9415
83.4615
88.1523
89.4975
15.1082
69.1035
47.9749
22.3367
82.0672
53.4468
41.0766
50.7961
64.7055
15.7295
94.5628
20.3119
50.1707
54.4205
67.8725
80.2464
70.4347
21.3742
34.1619
89.084
93.9011
1.52905
76.6559
87.7196
44.6867
91.3207
35.8549
79.6283
74.7822
24.0072
69.1257
89.8904
93.1107
17.1007
12.227
75.1779
70.5474
53.3036
25.974
35.2529
69.0331
20.5368
55.5648
19.2037
74.9574
23.4373
99.4501
45.392
44.8115
33.612
34.476
38.7125
35.1411
11.1319
26.4322
79.8278
2.45263
62.2871
59.4561
77.2348
86.2943
28.5818
67.1252
79.4051
45.6825
79.3522
54.583
16.2299
32.6559
80.557
51.4828
1.68896
1.09383
7.04754
20.8927
76.0512
30.4848
20.3428
21.4432
75.2963
53.9548
55.9193
14.0088
89.0959
67.0511
40.441
68.9237
69.5038
2.72805
28.3798
46.7386
89.0224
56.9616
13.8638
68.4274
2.64408
93.2161
23.0104
18.874
25.8719
3.56741
70.3567
27.5609
4.66124
77.4043
48.4536
80.7124
7.88911
68.7964
2.15568
83.1854
22.7512
58.0749
97.1942
11.8471
25.1261
37.6351
80.7708
94.6299
40.3632
9.15063
41.3685
29.3856
66.1122
55.2323
97.813
68.7563
48.4484
20.8234
87.6303
74.3203
24.3908
57.987
1.8812
29.052
35.3913
50.3348
9.76447
43.2804
19.1312
11.9201
26.4658
41.8824
69.9951
23.66
53.7295
95.1212
61.2951
34.5003
89.751
1.65829
43.6509
31.1195
31.0438
9.76316
86.3518
28.8568
78.5195
34.8002
49.6802
66.1498
9.1205
74.071
24.1368
11.0017
3.12305
59.5281
61.3365
12.8875
2.80853
80.4676
24.8077
29.2743
22.35
94.8027
52.9343
76.0795
89.9239
14.2294
10.5797
79.675
15.8877
54.2307
10.7945
46.9316
63.9938
97.1463
75.7884
42.5133
31.9465
25.4686
8.66308
41.067
99.5396
32.7999
52.0687
2.66265
92.328
13.4052
15.5502
95.1365
93.8728
40.3578
24.4109
16.2228
35.1606
77.3452
92.3023
25.0845
91.5746
2.88202
4.75946
7.46229
57.1127
15.5539
54.3938
21.1065
12.7002
30.1822
63.6198
44.6467
55.6508
72.2829
85.7137
55.1904
5.08278
37.7824
57.8531
97.4108
51.1876
73.4032
92.5473
45.0604
13.7611
16.9582
61.2832
48.9217
94.3034
53.5855
74.0062
85.878
56.4675
78.7656
93.3402
13.5802
94.3196
47.7341
34.6867
7.01983
77.9163
98.3065
51.6666
33.5671
70.5894
37.3803
88.7576
75.6722
75.1627
46.6106
73.083
26.3503
20.0139
65.6303
71.4107
33.775
82.5885
32.6939
82.6966
76.8919
86.2794
56.7028
62.7698
42.7469
35.4684
56.1101
56.3272
29.788
3.84416
91.0139
36.8079
81.7605
89.3204
88.4744
15.3276
59.9098
25.8547
4.08519
35.5819
1.01741
50.6958
8.66491
27.3677
70.7097
74.2952
98.7784
4.48468
56.8837
31.4723
87.1813
33.7756
17.7518
43.8841
96.5454
60.4987
79.3526
52.6555
16.8259
9.14061
56.4996
7.83972
45.9485
38.2601
97.1601
34.4229
53.5877
57.0699
60.2776
57.6729
92.6518
61.295
8.36876
1.31673
88.6627
79.0785
75.6119
87.4411
83.5632
32.4957
18.9135
70.7445
66.2712
36.6652
14.6286
62.8167
97.1639
93.9812
15.4721
13.9898
3.12181
71.9718
21.8295
49.0703
10.2319
18.9896
83.4932
63.8196
76.0595
43.7707
21.4926
68.7113
5.06575
29.8613
70.028
93.7285
8.93982
45.6399
81.1696
92.503
78.1356
0.0830479
63.2475
44.4068
36.7483
77.8761
7.2235
33.9122
71.8573
22.6956
47.9019
74.9791
94.6674
69.7314
24.0494
4.8993
88.721
7.54251
68.7189
64.7805
51.3133
90.2115
33.4917
56.379
20.0729
3.51974
50.1075
29.0127
49.1597
31.2771
21.5157
27.2953
31.3601
84.7631
71.7021
68.1084
62.6392
78.9256
2.02053
34.4965
1.62125
49.9225
9.47559
96.2887
19.6539
33.5249
1.18795
8.37494
41.0675
69.9069
73.1554
92.3807
60.1184
6.64716
48.7597
80.1913
10.1669
98.8672
9.20397
59.3266
30.1442
30.7196
86.6219
61.5043
15.4828
58.324
29.6127
78.122
37.2496
31.6332
12.6185
38.8709
81.5557
22.0941
35.1595
1.20959
55.619
36.3475
9.58453
96.6865
6.25436
82.74
89.0672
66.3728
89.3871
37.8269
46.5641
99.554
36.6941
55.768
58.8806
66.8383
86.4877
45.5025
28.3426
1.97046
3.82648
57.9552
80.0925
41.0761
89.5884
92.711
79.947
71.1441
14.8051
15.1065
72.3537
70.4241
51.454
81.9382
67.1106
57.7083
64.6782
56.1778
24.0811
54.0653
94.0047
70.6452
53.6193
30.6987
26.4132
12.4999
97.537
12.9009
58.0024
25.8796
14.8714
61.8289
83.8348
94.9638
2.90499
73.4232
87.6748
82.852
44.5673
2.47986
97.9585
16.921
72.904
49.4124
98.8592
40.0146
7.12077
63.5374
96.1924
31.2019
17.6026
90.1971
1.84706
71.2219
20.8958
28.2603
83.7219
18.4328
41.1612
41.7243
44.3124
56.0325
3.55315
28.1472
50.9963
6.45813
1.57039
38.6711
89.3101
46.1377
41.151
87.2686
63.0587
14.055
36.681
61.9179
54.0695
43.8018
25.4552
50.2619
75.0036
43.0579
40.459
76.8507
14.2798
61.3548
5.11098
98.0017
79.7876
46.2721
39.726
24.1
2.30465
43.2791
52.2472
53.301
49.7372
53.8176
91.9721
39.0473
99.9553
33.1231
26.3159
63.014
47.178
62.9969
24.9318
1.24755
6.79865
50.3871
51.5095
81.8023
93.4449
91.9685
58.653
7.72476
53.3233
63.764
5.72645
33.1109
10.0361
45.4524
57.2109
12.3408
88.7315
9.45812
65.6418
38.4687
63.2757
57.6138
77.5161
63.231
90.7369
3.83195
26.245
37.9149
66.8288
51.1768
39.1625
73.6275
1.5639
90.672
55.4298
95.0088
82.6404
14.0828
2.7336
35.9636
77.8468
8.46005
69.0745
87.8829
53.9124
26.2854
0.223661
42.6439
35.7436
65.8654
81.1127
99.0193
23.4793
58.6287
62.2503
14.2162
62.4607
88.4953
52.1311
29.2895
39.6721
91.2936
2.917
41.236
81.9655
58.3468
36.2449
64.6059
72.4296
38.9785
0.569586
50.2763
47.4385
69.6441
38.1592
1.35097
95.9296
38.3829
43.9949
31.6731
4.2483
25.1076
30.6924
27.7276
83.7363
92.9427
41.9437
46.197
81.438
94.0748
75.4865
21.1101
85.3684
78.4035
62.3462
67.334
36.7503
98.5911
31.9399
9.17983
37.5695
32.5095
59.4562
85.0081
2.15361
97.6154
86.359
98.0832
35.9983
30.3539
29.7563
40.2466
55.4615
60.4487
67.9742
39.1978
53.3914
9.91789
85.3948
34.8294
3.99272
60.8812
55.9395
89.3612
39.2847
18.2857
56.6951
76.035
16.8767
88.635
85.2148
54.4463
21.1445
44.671
39.4543
23.2981
42.2864
25.8133
21.3813
78.2847
56.1673
51.1376
18.5313
11.6288
11.5862
86.5055
50.8266
64.9776
96.4233
36.2213
99.807
0.416063
97.1026
55.7465
89.7772
36.3873
74.0322
46.4723
12.4223
90.9089
35.1074
97.6371
45.3552
56.2519
42.3081
84.8095
79.55
84.5945
10.6228
0.931319
62.8791
66.7901
52.0689
81.4104
78.4189
63.6551
67.9159
29.2454
28.6327
64.3392
65.4668
28.4397
64.7553
62.5693
84.1862
54.5325
98.9566
58.2183
1.00484
11.3789
49.1272
36.1122
9.01594
94.4823
92.3641
51.324
79.2918
71.9141
35.9184
89.9146
72.8454
98.7976
56.7047
24.9143
80.208
35.1236
88.5694
48.1239
64.369
17.2022
12.4632
29.8358
45.6418
77.2185
92.4051
29.828
31.751
91.3617
88.0463
32.7558
2.74054
37.1735
68.868
11.7565
31.6559
61.2321
63.0805
10.9477
33.1462
98.9989
0.862296
5.99163
97.7965
57.567
30.9059
78.0046
92.6906
19.4754
26.1285
57.0596
36.6775
38.5916
86.8953
82.3194
15.8101
79.3004
12.1474
47.5611
70.6621
0.19369
80.3169
73.4026
37.3672
49.1849
85.1591
69.023
10.417
48.2396
79.9707
43.5632
47.2385
80.833
49.5548
45.035
38.4
80.4608
23.0396
31.0906
99.9361
49.1681
88.1502
36.6137
87.7597
75.0455
18.9331
3.56984
54.3459
31.0804
51.1309
25.008
31.2741
31.4478
98.4107
68.6413
80.6327
83.5698
37.6644
91.0497
31.8094
17.6351
34.6129
79.0479
98.4681
84.1677
24.0829
36.8681
64.6285
47.1225
67.9587
64.5646
96.2906
56.1089
1.17827
84.0504
31.1544
20.1113
87.6202
85.5004
51.1917
38.7511
10.5084
82.4659
70.1989
8.91905
51.1072
50.8316
92.4888
88.7715
41.8813
24.2982
6.40661
76.4942
3.34609
4.8747
60.6619
27.429
41.7428
25.2903
74.5516
9.70151
89.8549
70.8422
65.8104
91.0332
54.8926
96.9649
11.1445
42.5128
82.4652
62.3363
81.2639
92.9736
44.8021
51.4628
1.89267
95.9093
2.2944
94.3815
84.6809
44.1757
18.6797
91.0875
20.6698
22.0258
95.9622
81.3317
49.4548
37.705
6.62203
24.0064
47.4065
96.477
94.8486
13.2169
87.5102
49.7412
10.1817
98.6547
92.2539
92.647
60.991
73.5178
85.6206
5.79311
24.9806
87.5132
1.70242
27.275
81.8947
86.3833
71.4507
0.574429
77.4707
92.1205
22.6002
73.4329
73.4523
72.055
11.1379
80.0743
96.0614
58.5444
76.5512
90.91
71.7612
64.0614
40.6511
81.943
62.7161
32.9051
74.5899
23.7071
6.42289
60.2105
29.5002
31.4035
47.7238
31.2026
58.6785
29.6185
17.5859
30.1292
30.1929
95.0566
22.2498
52.7931
68.4895
95.702
24.8481
79.6274
75.7763
20.9095
38.1718
52.3276
11.8195
9.93303
16.389
52.4706
91.876
79.1051
85.3757
66.466
2.81217
91.7986
26.6765
32.3123
23.2021
74.4002
63.515
81.8806
4.01873
81.1008
12.0099
34.2117
76.1575
34.2597
87.0048
44.647
29.9617
11.8529
24.2744
5.73802
32.7625
62.4462
58.0656
44.582
72.3792
74.4546
97.0526
64.2553
53.5597
82.4283
30.7212
56.3718
74.2268
57.3977
88.6842
97.4289
31.7979
52.1991
79.3095
35.8167
33.3
91.3194
70.0283
9.45745
25.5791
57.0331
54.1045
55.5407
68.886
78.3789
61.2788
1.64848
40.8251
19.3444
46.2304
13.2044
93.7989
43.283
77.4596
47.3586
25.7113
8.18085
3.73045
99.9381
65.5785
92.4146
97.367
97.3765
44.6138
76.6765
33.1931
77.9138
67.9959
3.22142
87.3712
93.575
60.2545
41.4757
49.1157
29.1405
19.8546
10.3945
30.789
60.6797
29.7389
77.0195
73.8841
23.5378
20.3025
51.3437
70.8964
46.0137
59.5246
74.6269
45.9518
25.1031
67.0415
43.3188
22.4796
11.6553
19.9954
55.6727
89.5691
87.9913
58.8941
76.9403
81.5663
19.1486
18.4159
30.6821
48.2892
38.2705
41.0766
79.0782
98.9502
70.8154
56.0977
72.8343
94.3532
76.4002
24.178
65.2496
22.4139
83.7026
39.8765
68.3657
8.80574
6.91798
11.6846
31.2853
18.5733
31.6799
86.958
8.14231
19.6713
45.8522
85.0826
1.23758
65.0008
3.49851
31.9196
13.29
41.769
72.9962
92.3682
40.7193
43.8117
48.4659
13.5536
38.1649
24.8661
37.7316
3.41454
47.28
21.4342
43.291
15.6457
30.24
50.209
27.3303
61.5253
68.7823
59.0102
48.4833
76.9246
78.6815
94.3355
62.0071
79.9191
59.3363
65.5056
11.8387
72.6263
7.27468
84.835
64.9945
47.9939
28.6466
13.4605
61.5475
66.8115
38.3265
99.2792
70.2261
85.6065
20.7134
13.5171
1.25225
50.9534
63.7261
28.5825
12.4787
32.5083
87.5928
60.962
9.43291
66.2743
55.2975
71.44
46.1933
14.6338
36.9457
58.032
87.2601
44.2204
42.867
52.2546
92.2143
71.5136
65.7151
53.7619
38.3251
4.04161
53.041
8.55121
89.6481
73.7544
22.0683
90.9004
24.7078
85.7944
19.4829
37.1865
18.3027
7.07569
98.1485
27.7356
73.3499
53.4459
99.1757
19.5433
68.0797
36.1214
77.5753
55.3398
80.3418
20.4423
7.59444
72.5561
91.9559
73.3095
26.318
30.2811
77.3511
79.359
38.8323
66.9993
53.1134
60.9006
57.8997
77.8212
46.695
77.3826
15.0076
64.9977
84.4583
13.1561
92.7333
57.8082
66.602
91.909
77.3515
34.6818
28.0304
54.9268
90.0216
8.37216
75.3691
97.616
80.9283
67.3251
70.9255
7.24622
97.6061
48.2767
86.6052
36.4384
15.2759
39.7186
97.339
73.1756
17.5398
44.0339
50.5582
32.5474
9.03163
35.0164
45.7034
1.76495
92.8246
12.3055
93.674
70.1761
46.9872
21.7044
25.1029
37.0088
30.0765
0.472064
34.6248
11.0048
67.7971
5.55035
18.251
65.4033
53.827
4.85618
1.84166
69.1029
44.5748
99.1806
42.2785
62.1145
43.2146
92.8366
94.6619
52.2462
27.8531
40.3653
54.0112
20.6777
52.6708
47.6851
90.8539
99.658
69.3895
15.9568
36.6668
99.466
16.4289
71.2916
10.4708
84.226
76.842
28.7218
49.6292
30.669
33.5779
51.4709
99.7719
78.1527
50.6515
42.0504
40.2672
93.8661
34.8871
34.9291
46.1123
62.7401
75.2945
0.123491
83.4179
27.9653
47.8086
74.2717
27.6233
17.1981
90.2285
64.2901
16.6641
6.65735
35.5818
27.1349
90.8833
12.4238
55.8566
40.5125
43.0928
89.4346
91.9834
42.8647
67.5873
42.6349
84.9151
7.85451
36.501
19.8021
42.7836
82.6134
82.5423
18.0781
82.7369
65.9601
46.0434
30.5455
40.2318
73.6667
47.7436
30.4603
37.9569
64.4077
37.1177
73.5386
91.5426
28.001
85.9624
47.3992
68.5135
29.0551
36.8338
60.4969
71.9198
4.42103
3.13188
56.8349
12.2755
39.6329
76.637
55.0592
22.2463
59.1793
73.1373
4.98314
25.1394
19.1807
35.5286
65.3712
92.8474
83.2722
95.8315
30.8043
47.6799
32.9491
4.34294
39.2225
60.9501
90.3053
86.6216
29.4637
19.3605
23.4554
89.9606
91.2803
27.8764
93.0925
48.1152
40.152
32.7254
24.7522
95.2112
54.9717
83.9315
68.3485
59.9548
9.07084
87.5292
95.4835
74.442
80.3766
78.7557
70.2735
11.1809
26.4356
3.22267
15.5239
65.658
64.1728
5.8292
52.2796
93.6365
25.1897
75.735
83.597
16.47
3.61146
76.6895
64.5852
43.7634
9.41493
89.3373
38.9746
64.3866
73.2688
7.32307
24.3415
82.3396
94.8523
19.8249
56.7817
75.2289
98.5806
27.0552
86.4098
25.0161
30.2779
1.93369
90.6741
94.4507
7.76289
42.9538
88.0871
32.9526
18.6888
71.6842
49.4226
22.3003
48.3737
14.0077
66.0637
57.7886
3.34506
5.0383
22.1752
76.6139
12.3614
46.5167
58.9535
7.21362
66.3416
15.7352
82.4425
64.9222
42.7904
68.8523
89.9383
73.0682
70.786
80.6124
67.5189
78.5489
23.5662
55.606
11.5015
42.255
27.2902
60.924
64.5553
75.6638
74.9318
30.619
33.4525
78.2768
35.6573
55.6277
54.8907
48.0187
2.1444
13.8442
55.2323
68.486
29.5794
37.6748
33.4082
72.3697
6.52715
23.3465
45.438
77.3132
3.95898
12.9569
55.8621
27.5252
68.5629
67.3636
69.7802
95.8531
28.2876
34.3355
71.5169
3.21937
64.9546
4.96937
81.4962
0.611866
60.5971
36.3869
48.6305
62.7415
50.231
3.86285
31.2275
79.8104
41.5377
64.6357
52.1801
48.0648
87.9822
97.6181
25.378
91.9412
10.575
81.2401
19.4664
79.1379
48.6036
89.2466
74.9909
76.8912
23.5822
46.5078
80.1106
88.5367
51.4772
61.6068
89.1486
12.0743
97.9936
37.7791
74.8157
48.2247
41.642
6.04322
28.0351
83.1796
70.6789
80.2152
31.2444
58.6611
77.8333
56.6224
50.6023
88.4083
37.8625
70.0687
67.5462
86.4661
59.3153
42.5371
63.3573
82.8974
89.045
43.468
71.4342
40.5222
5.07475
60.5827
52.5965
3.06839
98.3619
27.4122
51.2931
40.0038
33.4554
79.3281
23.1835
4.13433
59.5434
54.4279
62.7954
37.3767
11.0503
13.3977
25.785
48.9128
83.4664
93.3312
35.3789
42.7817
35.8683
98.7362
25.6791
24.9133
42.2042
97.1133
65.4355
47.2789
57.696
18.032
50.3473
56.0579
45.4442
1.6404
96.0617
78.8996
80.9685
19.2451
83.034
40.5119
73.673
45.8294
77.8886
84.7234
59.2271
3.67355
33.6361
42.6935
97.0047
69.015
85.4751
32.8731
67.7513
11.1542
57.7864
9.95544
8.26746
23.2219
57.2344
65.9634
41.2539
7.58171
22.0213
86.698
9.22211
18.083
65.5977
90.1906
37.3281
48.6316
30.7025
11.0012
94.461
8.59109
95.7245
53.6881
12.2646
29.3607
96.3815
9.26937
98.3757
81.8566
42.1424
66.127
93.0108
99.9288
76.0824
1.27828
23.1507
33.3168
67.2417
64.4045
40.8985
89.263
51.1026
50.1206
7.34601
16.7002
40.3112
44.6741
65.3318
71.0138
55.6753
59.7928
79.6049
51.3999
13.4809
91.8695
80.7605
9.86242
1.13885
79.1362
91.719
43.2813
45.2632
84.7299
43.2101
21.3456
86.0081
66.3607
54.6624
53.2499
30.7653
95.5608
42.5129
81.8678
45.6814
49.8589
98.5681
85.9927
94.5331
63.8999
57.0064
50.2084
23.6927
36.6113
1.60826
37.1736
28.4807
82.3688
47.0361
29.6196
61.505
38.7551
72.9009
6.76824
23.485
16.1109
28.1138
9.49312
82.4717
82.7762
62.743
13.237
78.337
5.25591
95.1048
24.0184
55.1148
93.6729
10.0111
49.6479
57.5728
67.0175
99.8563
81.2656
3.62877
1.46453
18.4392
32.1095
83.8333
65.4753
61.7291
45.3384
4.23036
34.63
52.1066
27.7153
50.7409
80.2204
37.2085
33.2126
62.9966
99.9515
46.4496
41.3336
5.20736
41.5544
65.3521
60.3222
35.2273
75.3632
9.97007
92.8001
42.3807
9.82635
74.0656
46.0094
11.2909
92.5048
78.1189
95.1242
57.9801
39.8481
40.4626
62.2105
74.478
92.5692
89.9258
25.2189
72.7896
27.1342
58.4315
35.7863
27.0857
4.88112
77.1199
32.2931
46.4355
42.472
92.6152
81.6628
17.8351
2.58531
74.4629
60.2158
12.4117
48.5285
6.22523
23.7025
41.0333
84.3442
18.8268
99.0134
24.1922
59.2893
61.2239
98.6703
51.8586
51.1497
23.8892
24.6482
78.2839
82.3208
60.4345
5.36958
87.2019
37.5544
37.6626
33.6374
80.0263
30.2779
15.3002
97.8615
32.8632
89.763
58.0772
45.2748
38.2915
64.3025
68.9774
79.3248
48.6467
87.8041
78.3382
72.8389
47.0935
39.5621
71.5092
98.9521
90.7118
95.3984
23.6003
68.9956
77.7191
84.0347
74.3652
64.921
21.5891
12.0279
98.5584
1.61543
42.3057
13.8585
99.4769
75.1689
3.62155
57.5541
20.4438
41.9131
21.8566
89.4212
21.2379
70.5032
77.2253
99.5761
43.3421
24.3188
39.1382
14.8513
23.2709
29.85
10.2496
46.8711
98.8456
87.9687
30.9059
73.2108
52.8897
52.495
85.2387
51.4481
54.1104
27.5445
65.3066
53.5873
2.7134
68.9282
11.1414
23.1572
10.8412
32.998
12.5784
32.0791
3.50118
89.8037
31.6553
46.8433
14.1225
70.7935
61.6946
37.3934
0.643469
71.9442
84.2645
99.4891
59.9129
15.1704
72.7
12.8027
67.6653
57.9387
64.2507
21.7757
85.4831
29.5574
75.363
88.1965
98.4855
86.5044
11.3537
9.32676
19.5023
23.9321
41.4059
23.0035
13.7357
73.0611
69.8468
27.8582
43.8546
31.5414
65.2516
44.4981
3.48559
49.5161
43.9872
63.3985
64.6864
16.6871
76.2012
32.3517
74.6258
40.4519
54.1274
60.1089
70.0093
29.4904
48.3054
68.4948
15.9948
59.6591
77.8216
35.4972
83.5912
19.2275
58.5007
97.3269
92.2886
28.3475
25.1852
36.1432
59.8889
90.4367
80.6413
63.3745
39.9528
24.6285
26.773
4.63918
41.3156
2.97416
36.9909
15.9414
43.4261
91.1184
76.0503
13.4354
20.6088
24.3558
81.9302
36.6036
84.0149
59.7517
72.1008
67.6061
78.9792
30.6014
64.933
71.2678
58.9489
90.1182
7.41099
18.8378
80.5549
88.0523
82.2122
20.5077
12.6808
8.98521
25.1468
53.9964
11.9594
62.1378
69.9378
55.3854
53.2561
45.9881
68.8208
73.8649
70.3439
50.751
10.4686
54.3588
10.5027
82.5693
21.9648
89.4819
13.1708
86.8978
60.7497
72.1197
77.016
68.1607
90.9575
57.5709
56.213
73.1697
78.0785
68.8937
82.1549
3.22536
22.8901
94.1143
65.3631
92.828
49.4997
18.6192
38.8161
18.3206
92.4841
9.15998
69.0715
2.9527
63.5187
79.5742
85.522
85.4836
69.0561
98.6928
72.3814
29.8058
70.8125
49.3974
97.9664
61.77
6.96828
54.1794
34.9397
85.0468
23.0731
17.0946
88.2722
45.9633
11.2089
53.6353
38.7912
60.7087
72.2545
77.6073
79.0292
64.7386
86.7673
48.1007
67.6913
50.286
27.675
53.2134
35.7696
96.7311
51.9062
8.15103
26.5369
22.7187
57.5484
24.5033
84.4886
64.5167
78.6827
19.4283
