53.8315
71.0501
44.9046
45.8043
43.4784
5.73681
8.10891
20.6285
53.463
24.2762
51.6053
57.0818
55.5999
30.1446
73.3212
11.3993
9.8199
94.1115
24.5287
39.3134
68.5184
47.4175
52.9027
25.8882
63.6105
21.5759
17.2901
91.1537
54.5091
66.793
74.9273
8.34062
37.8431
19.8319
54.1449
81.3214
25.5687
62.2539
1.94991
79.0317
86.5301
53.5552
36.1135
42.13
83.6998
9.43475
53.5293
93.5197
3.54624
78.0579
32.8331
72.0647
25.4754
85.7358
97.9528
89.0859
7.31167
15.2429
80.2397
61.8208
82.0359
55.167
70.1614
19.8789
74.9989
24.3064
1.20036
0.567594
86.5602
3.15027
79.5993
73.0903
56.7055
15.7128
15.2202
40.4053
25.1475
68.7495
33.9249
28.6938
46.8074
66.758
0.758409
72.2828
52.4939
98.7112
61.3687
59.8055
13.9541
41.6084
21.6263
95.9899
96.7754
91.7878
15.8689
71.7742
16.0941
17.0692
72.3418
2.65437
20.2195
51.9411
75.7447
76.925
67.6539
90.9649
17.3303
92.8014
59.7143
51.2552
21.4952
6.52173
18.0132
22.2536
78.8046
70.5071
20.9648
40.1733
30.3126
34.9189
81.7817
51.9389
30.9088
78.5571
43.7267
46.7777
50.3313
59.8209
63.8469
22.6731
62.4752
84.0664
74.6143
38.2199
60.9914
42.2681
29.1847
78.3217
35.0695
88.8991
29.5769
56.5647
95.4208
47.5901
78.8183
74.2254
18.0972
99.7831
14.3987
48.4098
34.702
96.1804
0.348746
65.6108
74.7375
44.0755
12.3885
25.0688
3.89632
76.2354
47.7419
66.3716
60.3018
22.3562
4.59144
21.2933
64.6243
33.7762
99.615
99.6939
22.6753
29.1918
56.2586
18.0961
76.782
35.0768
92.3215
94.8791
34.8599
6.72019
43.2889
69.5619
2.90058
43.6377
35.1727
77.6381
87.7132
47.5611
2.70684
91.6095
23.7966
50.4488
57.981
84.0984
72.8049
62.5725
5.39166
37.4293
96.3487
5.00661
37.1231
19.0239
34.1985
93.3817
37.1201
10.9804
28.4585
29.4416
5.85954
63.3184
36.1617
49.1485
32.8803
39.0623
92.7862
68.053
16.7004
80.4993
15.6141
19.4072
72.1088
39.4107
69.856
30.0898
23.5091
42.6609
92.6623
28.9007
80.0902
89.011
33.9073
17.2133
8.03489
68.1058
10.5949
45.1549
79.0862
39.0535
74.5965
84.9457
2.37187
10.7582
34.0942
35.2522
49.8206
26.8804
3.30514
66.5209
7.37969
18.9193
85.9281
79.4885
58.3299
55.7841
9.57832
81.839
98.445
2.24062
10.7397
78.5352
91.2516
44.647
95.7485
99.2865
12.7528
6.34343
44.4414
91.839
45.3969
19.0379
76.7847
47.7688
29.7962
10.8789
83.0209
79.6167
37.7592
86.3261
46.1376
45.1389
5.24532
32.0658
24.6274
63.5752
87.8499
34.2057
45.4142
86.2949
36.4464
56.1539
64.8301
27.6979
0.800862
60.5786
26.9844
13.5536
66.922
71.4258
5.39258
12.3189
90.4637
82.1772
60.0877
20.2599
93.0561
43.1086
99.8766
30.8153
29.4347
46.0142
75.9543
34.68
78.08
0.581682
98.2552
65.9299
34.7874
43.6694
52.2248
71.2338
99.8233
17.0549
98.9317
0.624119
77.6335
25.9161
14.1778
44.5555
97.3419
19.5703
56.8745
87.8056
1.74759
16.9621
8.06543
94.8037
60.0707
7.942
25.619
89.5054
53.9562
1.57331
24.1854
32.0362
2.15499
22.4406
97.9661
36.9424
66.11
50.1909
8.17617
65.9332
67.2458
7.10786
66.5573
44.8793
33.0239
80.7351
89.4348
30.3658
0.305426
46.3092
18.1714
2.05301
63.2714
26.2368
96.8567
23.3421
34.1788
22.4757
12.8475
88.135
24.0491
37.0328
20.1712
26.204
59.4734
18.1373
63.1464
25.5833
68.3281
71.3226
91.5166
35.5739
78.4305
58.0739
80.4532
11.4544
38.809
69.888
41.8202
39.1144
16.1972
59.9916
41.1674
79.4686
86.2283
38.0241
2.81067
20.4071
60.4999
15.6581
8.54213
84.5489
52.691
28.7133
10.753
12.1643
46.8506
73.8994
37.7477
15.1787
45.222
29.2642
50.7526
23.6525
87.3381
31.2058
35.1069
26.1471
1.09375
76.9271
65.2615
17.291
36.9186
6.42894
96.7596
23.147
44.4531
99.5702
43.5541
4.95294
15.2284
52.0962
89.5019
67.9193
80.8095
0.254828
80.0837
27.6601
74.1542
17.8314
42.8389
19.3763
47.0956
93.5915
43.0287
34.4338
24.7973
78.1356
60.5809
25.891
55.0627
25.8424
43.182
91.9813
32.2713
39.9415
15.1283
76.7244
39.5118
58.6824
81.6774
54.7401
10.7786
71.1792
22.6595
91.5881
71.434
2.74313
19.2482
45.5883
20.5745
62.0871
64.9645
67.6701
55.6786
7.99326
2.10386
80.4758
86.1289
62.6847
6.36683
41.1916
88.5271
49.5488
33.1729
20.7985
89.4903
48.3011
97.5229
29.0021
6.98347
79.2002
83.7422
17.762
50.3794
6.40169
9.35016
21.8135