72.0067
46.2571
19.4837
95.2904
47.6799
16.091
57.9654
55.8069
27.7799
5.08924
25.8451
98.4855
50.286
28.8733
17.2
34.8002
90.9422
71.6782
30.0757
80.8993
82.9693
57.8972
57.5484
24.0001
78.0025
85.3105
57.5541
29.1405
45.5404
10.4708
43.6863
18.2884
75.5654
83.5037
97.7414
18.4529
38.486
99.9796
66.7267
72.2545
96.6313
22.2987
7.99999
71.4107
67.7306
33.5178
8.90489
90.2125
56.8349
19.1
15.4828
95.1991
0.569586
58.0703
79.8278
6.58734
37.4112
77.2027
66.8396
86.1571
49.4472
87.5992
93.2532
21.9375
39.7186
86.0081
42.1115
28.2603
69.6056
50.7647
6.24367
42.9538
12.3079
95.9296
79.0924
73.5592
60.9392
28.5806
25.0845
55.5445
57.0596
28.9991
49.6312
48.0461
7.04754
73.2735
40.1083
22.8422
21.4926
52.6928
95.1452
69.1035
51.8998
77.8399
62.4607
83.4615
96.7754
24.1001
77.5161
64.7553
42.5831
30.7001
80.833
43.0773
15.2202
51.5819
73.9601
70.0639
20.6
9.48263
3.09261
32.061
4.34655
67.6913
33.6361
86.2734
45.3908
77.4846
39.1634
36.7605
25.4552
88.7992
90.8992
18.145
30.6924
91.0556
46.6219
1.35028
49.4226
58.9913
73.3926
39.4085
60.189
32.6188
79.5327
28.7001
76.4002
99.9369
75.2101
19.9
11.7594
64.5167
1.29662
13.6616
11.0343
6.67981
81.703
40
4.16922
57.1314
90.1701
37.705
35.0431
69.5968
60.2107
79.3522
63.9609
62.912
24.4984
15.0096
34.1416
79.5571
82.4993
31.907
22.3562
93.8585
19.8111
97.257
31.772
20.1255
12.8814
54.4463
60.5827
11.9681
91.5423
92.0411
20
57.567
3.78213
79.55
63.4778
75.7774
60.9006
82.2679
96.2946
95.5651
95.8553
53.2217
32.6939
12.0658
75.8994
54.5059
98.1991
99.9361
55.1904
32.9425
83.0642
5.85805
44.301
22.6956
21.6982
76.7687
73.1373
13.3299
34.3
5.81935
45.6971
85.9927
57.3609
63.3745
67.1922
15.4971
12.0743
43.4784
90.8539
10.9404
68.0094
38.4073
13.8537
33.3514
20.9
86.9249
57.0366
92.7034
71.9771
97.7491
23.5085
66.9178
92.5617
90.0435
99.5977
25.2678
41.2999
29.8496
84.4993
68.1388
57.1167
51.3731
72.2968
28.2244
49.8206
71.7637
16.1211
61.8342
1.84706
77.8382
28.5825
76.2901
19.2554
28.8175
74.1546
36.6
80.4235
40.017
81.7817
78.7787
51.5162
50.295
14.4451
9.73398
93.5129
12.2989
80.3144
11.7024
61.032
87.3992
12.9015
78.8994
44.0755
57.3669
51.6716
56.8935
47.9019
42.2864
4.96613
3.35648
66.9235
43.0383
42.0407
93.3292
16.9
35.5294
66.0595
38.3654
19.4619
94.6619
42.255
16.1562
12.8873
57.2337
80.3176
1.3515
45.4702
43.8018
26.4658
44.1247
64.1497
30.882
10.4122
8.6
47.3992
7.5349
42.7064
55.6277
6.99179
63.3629
86.6708
35.5819
19.5209
6.78668
1.76495
78.4753
8.8
32.1047
71.5169
53.3523
35.9296
5.17315
87.9992
3.22267
48.6036
43.2929
75.5818
9.03163
99.4469
59.1793
48.6562
69.7667
70.111
23.1507
68.7966
37.2669
37.1615
23.7131
7.45276
76.9852
72.4062
57.3022
49.6443
8.03279
91.8831
0.828293
35.4875
55.9768
10.7562
20.3684
58.4367
48.5285
18.874
99.0458
67.1556
73.4422
39.5513
78.2549
47.7791
38.2476
59.5414
25.9424
97.8109
99.466
73.0682
70.658
28.6282
55.2323
12.4946
8.01252
94.473
74.3652
23.0396
61.7456
66.3996
89.045
4.10153
94.3293
54.3716
94.8918
23.9001
3.77042
59.7811
55.1795
89.6629
64.0518
69.9209
93.1929
14.0541
5.74228
85.6206
58.9489
57.3234
9.14985
66.4787
51.1061
36.9513
55.9534
3.11357
28.2358
21.1816
94.2991
46.1671
88.1436
66.9993
15.7771
2.87841
76.8175
96.1685
87.7003
9.15063
75.4448
18.3027
8.14231
63.1996
36.5099
70.8825
54.8972
83.16
59.6997
27.0001
85.2479
4.05556
90.1906
76.8912
88.3151
81.9655
51.1376
89.3734
62.1258
17.5234
50.5998
36.6137
77.4132
68.9663
42.2843
53.6294
41.1796
31.1278
63.7996
50.3598
83.185
85.6993
50.5762
6.49243
37.9622
70.6628
54.583
63.8999
27.1256
58.3997
80.2374
47.5111
32.7625
99.9807
61.687
10.5084
73.8841
46.5118
20.6786
66.127
72.7334
36.3
24.2471
47.1643
42.0118
50.9944
28.5673
79.5742
70.2355
6.59037
43.4999
21.9491
8.45999
33.3984
52.7931
72.1565
8.18842
61.373
8.45042
2.3171
65.6455
49.2737
85.9304
64.6969
23.2021
40.8437
56.8025
40.459
72.3305
24.7027
34.722
7.2198
71.0501
69.3444
34.8871
55.3733
18.9896
11.601
43.3003
39.256
45.9881
93.5274
63.2996
36.8338
37.166
68.7101
60.6192
96.8112
96.3487
27.172
48.4453
13.5127
74.0062
19.2451
8.12912
75.2994
42.7817
33.9943
8.91191
42.5603
13.2305
8.00885
3.6248
65.3961
47.3586
49.442
43.9278
42.4529
59.1021
24.558
39.8622
49.7097
96.0683
79.6568
5.49028
64.6777
90.9004
32.2987
55.0291
60.5186
73.7504
79.359
40.6759
5.00661
44.7999
96.9788
70.5474
83.001
26.1001
3.68093
60.0318
79.526
68.7302
56.2963
97.23
13.4859
48.5129
52.5965
56.4996
35.8238
37.5695
85.0374
68.9774
61.686
72.3792
78.6994
62.228
40.5222
69.7802
13.5171
55.0395
48.4998
68.7558
17.882
24.4884
88.9699
19.5
29.2841
40.4324
70.2261
81.8975
20.673
87.8041
12.8
5.8033
82.1597
31.5711
70.5894
65.7996
65.9996
35.7436
64.5646
18.2803
65.6705
51.4998
11.1771
93.3312
56.3272
3.7762
57.8467
49.8242
56.5031
33.9154
31.1001
84.0779
62.7841
23.4001
89.8037
43.6923
23.441
30.7924
44.9046
56.0997
72.6263
11.6
87.6992
79.834
31.1288
27.6468
41.4059
77.8212
8.82766
99.9821
71.8573
25.1665
67.2643
64.2346
90.2778
88.8722
65.6996
10.7
89.9065
42.1424
94.6304
46.8711
54.2889
29.2757
12.4025
35.0356
66.3972
89.6697
13.473
3.21937
87.6408
35.8167
62.2871
17.4795
49.7998
33.9073
21.0887
43.9197
94.9298
29.9617
6.31069
43.8841
60.4272
30.1442
47.8998
5.4
23.0731
18.6797
64.0308
27.5855
12.6661
2.01275
78.3533
71.5824
45.8363
99.98
0.183346
94.0047
62.0255
46.197
17.2659
62.0754
17.5938
72.5995
48.918
15.3346
93.3817
47.1575
95.1109
94.8589
15.5399
0.650603
61.0996
28.5161
9.32676
89.6481
36.4131
27.5445
11.3135
30.0602
90.8664
97.1026
84.7213
35.5524
34.1189
91.4551
34.9007
21.1101
87.9913
55.8424
92.734
86.9757
98.575
58.0024
0.524432
74.0096
9.18666
92.1265
91.1268
37.1865
65.8935
68.5318
2.20775
67.7513
98.7784
17.919
94.124
96.8302
58.4762
76.8919
82.4478
99.7831
21.4953
88.9315
93.5236
97.5748
19.9109
41.2607
39.9528
15.9263
41.2539
3.86285
61.9996
23.5969
30.7341
10.5893
97.9528
63.3996
33.0432
64.2783
89.0418
18.4392
51.436
33.8001
70.0288
32.8632
52.3667
6.91798
51.8795
93.0992
83.784
34.4
78.3011
35.0635
43.6358
74.8315
29.4581
44.8003
71.8587
4.8
54.8337
50.8316
92.4073
38.1543
41.6425
54.6705
25.8882
24.3415
50.1211
76.862
24.8955
53.9787
29.7864
95.9093
9.0459
77.9994
53.1562
99.2814
33.604
40.4955
54.5325
32.9083
89.1152
79.4051
40.152
79.6049
57.6894
85.4993
30.2143
96.6865
61.119
27.5001
29.7111
29.3674
72.5561
41.3336
49.5923
10.1787
30.2186
39.3916
15.9948
62.4979
6.26823
5.45464
93.1246
23.5204
74.7326
84.7753
82.901
89.0707
59.8055
11.9594
45.392
28.8954
86.4126
70.6621
49.5548
66.9355
49.7175
33.5249
19.7914
94.4104
13.1581
37.4651
77.3452
96.3815
29.0001
47.8959
70.1584
57.6009
49.4051
86.6009
91.9546
93.7179
57.9997
31.8402
19.8424
39.934
16.8501
76.9139
46.7628
71.8584
38.0122
30.1001
70.5077
45.5053
38.6606
54.4205
82.6966
19.9129
52.0693
99.0185
95.9987
43.7554
4.21161
12.1474
20.7675
33.2904
46.6999
92.587
46.5458
71.0737
44.3124
45.5227
82.2387
69.7483
62.0247
29.4904
26.5001
49.8725
76.6022
60.5971
52.0346
47.4175
83.0835
72.8814
71.5011
92.9359
49.8165
92.4888
12.4999
2.3
55.5617
62.1996
20.6013
45.035
98.9502
4.97989
21.3309
44.8999
39.6078
4.5
31.4892
65.2516
94.4224
14.7739
12.2232
78.469
42.8251
54.1276
43.7611
1.65217
52.3096
80.9993
38.7255
88.6147
91.5746
95.7342
35.0164
80.3836
40.1733
61.5468
82.5455
96.0424
2.02507
10.4
61.4063
36.1919
56.3446
51.4772
5.04325
78.3528
87.8323
31.0923
65.449
97.6991
5.73802
16.8259
95.9899
15.7348
76.5947
3.15399
98.6038
51.3262
34.9
70.7935
81.0945
11.1366
95.4835
72.7896
95.2395
86.2937
22.7841
61.7781
37.4736
84.226
72.4189
69.0691
99.8541
36.4216
24.7036
53.3998
93.2984
27.2043
25.8405
87.8309
97.3765
67.7971
5.25962
36.9077
11.8159
16.1038
59.9129
22.2455
98.5911
93.3332
25.8619
64.5996
92.8992
62.2539
76.9403
22.9566
52.7751
25.9195
28.1973
60.466
76.9202
62.686
79.6062
84.9151
92.5033
17.4834
63.2757
83.274
8.37216
95.5199
20.3663
83.6949
36.2
66.793
25.0958
15.1491
36.7101
76.592
36.7907
32.4957
25.9119
60.8424
86.0685
80.0743
86.2943
61.2321
99.9381
38.457
98.9566
60.1609
34.2527
3.45509
43.9999
35.5286
2.83835
97.339
17.0592
75.1895
57.4176
7.67194
11.517
79.6283
50.0998
58.1936
77.7191
23.7809
57.1704
95.3099
25.5687
89.9258
14.8714
36.5453
15
97.8224
75.7793
14.4927
6.17779
58.7548
82.271
99.7544
62.7698
83.319
97.908
0.345932
48.3156
42.3726
63.7261
25.2102
27.8771
98.3757
99.7929
60.8812
55.4173
37.4153
79.8978
70.9995
96.771
24.5033
23.7789
12.5
35.3338
9.71451
20.4712
14.8734
13.6978
95.7171
18.4
72.4971
86.7281
29.3607
14.4419
11.3419
33.0357
22.9001
8.86497
47.9749
47.28
11
79.6422
90.0614
92.5692
32.4173
30.1923
60.9643
24.7522
80.4993
52.2546
62.7446
36.252
9.12528
14.2999
25.9533
23.9977
88.4744
69.3163
87.7597
96.4233
44.4057
88.6476
96.4544
76.4794
98.9443
71.2815
53.5607
12.9806
2.3026
55.3398
86.8826
50.4257
40.2318
75.8685
33.6153
98.0017
99.8094
61.2788
69.8468
20.1003
55.1061
75.4994
28.3798
24.2195
23.1572
26.5173
95.6809
6.76824
19.4664
17.2488
28.9001
42.1764
74.7145
94.5481
25.4683
57.4038
84.8892
24.2744
92.4841
80.557
24.3469
3.8
64.369
54.5091
77.636
1.68896
41.236
31.4826
22.5086
99.0082
5.73681
60.2962
19.4283
10.5507
90.5608
15.6335
34.9397
66.6896
70.9089
70.8337
11.5485
8.66339
0.545094
41.0761
71.8251
21.7806
42.8999
24.8001
9.00384
84.6867
49.1622
54.2629
74.3563
64.9222
10.9689
68.8937
99.5101
5.89044
77.2268
12.7318
46.8368
39.6721
91.2743
87.6732
38.3702
8.26746
98.0991
46.792
56.5647
14.1534
62.4996
6.82485
81.5792
20.1998
89.2466
95.6298
44.5673
7.91316
86.632
57.2811
90.9575
48.4536
9.5818
99.1036
18.5812
29.4416
64.4
78.5238
84.2557
53.0661
33.9547
28.3336
76.637
36.9044
65.015
53.7087
77.2865
56.2586
89.0481
37.5457
23.7291
99.2258
2.31469
93.8991
30.7653
12.7
34.0411
2.2
9.37631
17.2133
16.4289
97.3991
32.4964
40.5372
66.7674
94.6674
69.7808
81.8948
15.1704
33.1001
38.1636
40.6511
92.6623
42.2999
30.9382
56.6997
39.9
83.5874
43.2897
83.5698
12.8875
89.0942
5.2
90.7201
6.15836
64.3053
63.0612
73.5749
76.7994
56.5611
84.5945
13.1708
91.1617
68.2995
77.8808
12.9009
1.94991
81.8109
92.1627
51.4696
74.5994
55.0096
7.14536
31.9196
36.5318
91.1569
2.83015
50.2084
4.04161
67.6361
13.0792
24.5468
96.0617
95.577
81.9993
58.3468
50.8535
49.5778
18.803
33.5671
54.5197
33.3814
41.5767
62.6203
27.5252
94.3697
88.0893
56.213
32.4751
18.3761
12.5769
62.169
68.8395
68.9748
6.19388
39.5621
36.9292
50.6503
94.5331
1.87651
26.8193
53.0373
50.8468
23.0035
72.1197
81.6213
75.363
69.9069
4.13881
79.9038
28.4793
73.9193
22.0941
24.1582
56.1101
13.6504
1.84765
65.9601
5.70637
49.8189
65.8396
26.8804
4.04174
58.477
55.8003
14.5394
70.7694
80.4434
21.5759
73.8211
5.31339
57.8997
25.8734
18.7615
88.4992
66.0757
40.7193
42.9275
82.7993
18.3959
63.6398
95.8435
74.6954
9.03599
15.7123
70.0894
65.4914
93.4697
62.7415
21.4
45.7139
29.9969
59.062
15.8411
30.5704
70.4241
58.032
51.711
87.7991
57.4778
41.5544
71.8805
58.744
31.0009
90.8794
34.7
81.438
53.6393
69.353
98.5991
91.5853
4.3
78.6827
17.7518
89.371
45.8522
91.9559
92.255
41.3219
97.9936
60.1997
95.8825
17.769
64.7922
45.6814
9.21801
98.5742
87.7579
29.8445
32.4565
48.0998
17.0946
82.2291
48.0187
59.9518
82.0407
99.899
7.72476
41.6999
97.0334
62.5996
73.2972
58.1704
40.9342
1.2361
18.2836
38.4503
85.065
16.6922
79.245
69.5995
86.5602
35.8683
88.0871
77.6405
73.6154
4.9
20.1051
50.6515
61.77
26.3042
80.1913
10.5027
76.3179
84.7993
85.2083
15.0203
50.2634
94.9029
55.1566
74.0322
49.9982
10.8453
54.7795
85.6552
92.8001
79.6858
7.9528
68.0797
82.7369
94.2282
67.6539
89.3986
88.7576
85.1181
69.0331
62.422
56.0881
14.2086
20.8234
79.8365
33.9037
12.6436
99.4138
61.0059
13.1602
51.1917
94.0547
54.2997
29.6983
28.077
21.0713
30.1292
50.083
2.67073
58.4546
5.28452
24.0009
88.721
95.5608
22.5803
49.3051
98.8635
51.7679
35.2522
71.9589
57.2344
77.4707
73.605
46.0314
90.4524
91.3937
91.0497
65.5776
82.6782
67.2417
76.2459
61.2519
46.5847
82.4425
50.7961
84.8993
85.7002
25.2396
35.1606
87.0865
83.6915
78.8307
21
81.8023
30.9841
36.1214
66.9679
3.58534
45.7726
1.59402
94.6299
67.0383
58.4997
26.9186
14.2162
40.7999
84.6109
82.3688
54.1104
41.9643
8.47203
69.4846
16.6848
76.6683
0.302026
72.7
89.3101
49.4124
25.1644
77.6708
55.2108
47.1798
93.5458
84.3079
38.5073
5.19296
21.2379
5.16142
78.333
9.41493
54.7985
75.1281
9.38252
28.6001
94.9727
85.4151
4.22944
41.8142
65.0472
24.3188
75.7994
2.71032
0.611866
25.7481
9.84653
31.1821
12.6888
71.2219
29.4637
6.4
1.97818
90.4992
16.7002
11.8471
47.2385
22.6753
95.9538
20.8927
66.3416
94.7353
20.9995
25.3001
97.0338
58.105
15.7741
68.7704
2.9527
39.9668
55.3203
35.7863
23.309
95.0991
4.85618
73.3033
74.7153
99.4896
20.8958
75.5994
89.9849
99.7841
74.8218
40.4519
63.767
90.1643
14.0088
44.0824
49.743
75.0455
86.8543
81.621
21.1
47.178
88.1499
12.6667
66.0749
30.6366
84.7103
33.0742
7.98381
20.1934
64.2507
56.1089
65.0232
7.15456
88.1502
22.024
46.7203
97.0991
71.4345
53.2149
51.2602
78.7736
70.7097
48.5234
39.2847
35.4853
97.9664
77.3754
19.542
45.2632
32.7001
51.9998
29.3476
88.8991
81.003
55.4997
43.7634
53.6998
90.0216
18.5733
73.1148
96.9428
29.0643
56.5997
89.3219
62.4908
77.9138
94.1115
32.7846
33.4854
2.17441
90.6012
28.2276
8.80989
59.5434
42.9353
32.7173
99.9498
67.2995
96.3991
39.1978
68.9226
0.500685
14.3701
59.839
97.4748
11.0656
66.8383
10.128
14.7236
92.3992
98.2899
3.37237
56.9393
90.9267
37.1736
36.8419
26.7282
90.5391
59.9548
31.2001
76.2892
64.6782
59.422
14.8556
47.7341
56.7047
22.0683
22.0547
49.0581
50.7084
63.3117
85.2148
85.0349
94.4809
18.7399
60.2997
64.933
83.7827
34.1619
45.8782
39.2212
57.4878
45.1192
49.9833
67.6061
20.7774
2.45806
48.4248
29.2743
3.87535
1.6
79.8525
89.6731
82.0672
82.5157
51.1309
44.2723
29.2814
41.5852
60.4157
59.2997
48.3054
2.71897
46.1488
36.681
93.6181
38.2705
78.1666
40.4
93.9011
10.4016
17.6809
1.20036
92.0232
25.1031
55.3224
11.2587
77.1637
18.4061
79.0862
43.928
23.5208
61.3548
42.472
7.12077
43.2366
0.0619947
65.8933
33.837
14.6664
69.4995
9.17366
80.2152
17.1098
2.68779
34.4263
72.7887
84.0506
14.7
0.251131
86.2511
69.5509
70.7678
35.575
73.4032
59.2941
87.7196
72.9009
90.002
37.856
92.9724
96.5606
45.7499
54.2626
13.6
4.36675
36.3938
83.221
60.4987
85.2101
68.0071
28.2383
48.2481
78.9254
18.5128
53.6881
17.6026
15.3969
52.9343
82.1274
52.6751
54.9827
11.1974
74.4823
80.8639
74.9171
25.3965
6.66325
54.8997
46.1933
32.2195
88.079
93.5361
12.8026
68.6413
49.3481
34.6818
73.5629
31.4478
54.8694
46.5641
33.1876
65.7753
78.0785
54.3118
21.4807
58.2643
59.2525
25.2003
21.873
10.6208
50.1514
18.4539
94.4823
95.1967
34.9291
70.4557
28.6438
96.1924
93.6145
6.77797
21.2652
83.8733
57.0353
24.9001
94.3355
50.6958
63.8996
20.2195
7.65967
17.1
42.6999
56.6952
69.2182
33.0001
70.832
50.9534
93.6991
32.5376
14.7638
13.8185
85.8714
48.6275
38.5313
24.8481
89.1992
72.249
87.0682
54.9717
16.432
54.3938
13.237
10.0957
10.031
80.9256
26.9071
65.8614
91.839
81.059
79.5568
92.4992
29.2954
89.1519
73.2127
10.6281
42.7904
17.7375
85.2795
84.4362
94.1254
7.11765
32.7026
75.508
38.0823
36.9306
80.7708
59.6828
76.7829
65.6418
16.1109
54.9082
97.0047
57.1893
0.443599
46.6722
44.9352
8.65877
13.5598
96.477
23.5822
45.0451
58.1194
24.6001
49.237
31.4887
53.5535
93.8661
38.2915
65.5389
50.6913
39.1823
12.4787
98.3991
78.6541
87.5249
62.8357
4.21133
86.2794
33.9066
35.6573
43.5358
85.3859
46.7021
86.5766
72.6251
65.3318
51.5341
83.5632
57.9758
68.7995
80.2573
93.7991
94.4071
70.7593
3.9626
62.7721
21.5515
92.3099
54.1243
79.9259
33.3576
53.4468
12.2
95.8323
50.2575
65.7598
4.70314
28.4071
90.1554
4.59144
26.4001
60.0682
15.2008
30.9843
46.4999
0.416063
27.2039
50.6998
5.5
38.815
24.1
74.7791
85.2742
29.3633
53.1998
56.5579
81.519
98.6928
98.9521
23.7605
70.3812
47.586
93.379
82.8262
12.4238
47.5529
24.5595
89.1061
94.3464
58.7043
50.1574
28.6847
36.4983
38.3178
17.5441
2.64408
1.60826
54.5954
72.6995
17.4
54.3588
60.6747
26.8679
69.7314
46.5447
30.3497
75.7825
3.06624
20.1871
51.9411
80.4883
19.5569
78.2839
89.5691
72.2572
1.72247
15.6809
70.7358
50.6788
3.89714
2.80853
21.3742
77.0937
50.1277
47.5998
52.2796
17.4327
6.26272
9.97007
52.495
50.1118
30.654
37.306
28.8452
1.11308
59.9997
69.43
80.1072
84.0834
33.0251
60.0194
84.2993
80.4608
69.9117
75.3832
32.7726
69.0471
73.3499
99.5415
90.714
32.6664
87.7132
68.4948
63.5315
88.3479
21.2916
99.3116
30.9019
24.1222
41.1936
98.2113
86.2484
97.3907
92.5394
40.7182
37.345
38.9785
56.5611
74.7397
90.8082
15.3276
22.7508
16.6641
91.0571
21.5227
48.3319
24.4532
31.5368
17.6635
77.1686
22.2966
98.8972
42.8273
79.1379
1.18795
56.0919
3.1
40.4256
93.7917
50.3382
71.793
89.3871
87.1813
72.4344
15.9933
89.1873
91.8695
69.9211
27.1349
73.1742
24.7206
29.8358
66.2471
47.7147
98.4586
60.4879
93.1914
51.4912
52.1179
15.7338
61.6068
3.85628
24.3001
27.2996
22.8901
28.8772
46.2073
19.5452
6.2
29.7702
52.7249
20.3428
54.1749
46.6106
82.1993
8.55468
22
25.1001
85.0081
29.8848
28.8068
13.6512
9.26158
28.8933
95.7245
54.1296
51.7966
68.1148
39.726
77.9436
11.2708
31.751
19.1434
83.5993
26.1187
60.3997
44.7182
30.3179
50.1837
17.2022
42.867
81.6156
69.9729
28.397
49.0703
35.3789
60.9914
33.4938
12.2238
21.9557
80.0925
82.2559
11.1809
74.7898
64.6864
21.5494
29.2001
45.9632
6.47817
31.0001
58.5997
71.3223
55.2323
44.5999
2.87268
43.352
79.3994
98.6036
90.5258
84.4583
19.0713
56.6704
66.5662
10.2976
10.3562
84.0538
25.605
73.4147
77.6074
27.4122
13.3008
42.0819
26.4234
89.9606
1.77988
76.468
71.7027
94.8922
36.5373
20.7216
82.4283
87.9718
81.6948
26.5172
69.1995
40.1356
99.4395
71.4342
16.9626
77.0696
94.3196
69.0976
4.92642
3.10673
65.0996
15.8274
80.7993
75.3632
44.2359
74.206
60.6341
72.2852
34.4183
57.4209
71.0579
12.7002
94.0048
25.1897
92.1381
79.1362
17.4575
95.2256
31.9872
13.7964
69.7272
4.83266
54.2425
61.505
53.4426
93.9886
90.7369
31.4001
54.3908
47.8631
85.7904
52.4072
16.1465
63.8196
72.539
86.7163
71.4697
81.9382
72.8995
68.553
33.2853
82.6275
91.0017
80.945
62.5725
55.2975
70.2572
24.9606
32.2621
82.5942
60.006
2.72594
74.6269
26.1285
48.1007
2.97416
81.1696
64.4217
53.3362
66.7319
49.6354
51.1768
81.8806
69.937
98.9379
27.7987
3
91.6992
41.0675
66.236
54.2307
78.8502
24.2889
53.463
30.5776
28.5782
0.482769
84.8571
30.789
25.2403
18.9193
14.5605
94.0477
46.5706
98.595
68.3995
67.9688
85.8993
74.2994
24.0494
24.3206
65.4032
4.74075
50.3464
35.1595
41.4999
42.9359
48.7878
52.7971
39.8
67.5189
77.8807
98.7991
51.8977
91.7878
32.674
2.73847
79.8994
36.7483
48.4521
77.4755
43.0999
11.1379
48.8002
79.0994
63.6198
7.03184
61.3365
70.3995
16.47
55.327
68.458
95.8531
32.199
48.1239
81.4063
35.1411
72.0995
55.619
99.2217
2.90942
78.8529
65.9007
49.8589
17
97.6154
63.9392
90.2285
68.8168
2.49895
46.8302
24.7021
37.7316
15.8853
85.0953
83.2993
97.8261
8.78467
28.2001
13.8585
12.4632
4.58989
80.0039
78.9256
5.06575
11.0394
71.5995
46.9303
96.4999
94.1991
86.5838
68.558
48.9471
23.4554
5.82845
89.2385
53.8194
89.4248
2.58531
66.1498
65.4446
77.3166
94.1392
6.69156
44.1462
86.4877
17.0692
74.2062
80.6124
1.97046
98.0494
71.1423
88.3904
40.2466
15.5239
33.003
60.4969
54.8926
70.8992
80.0993
2.39628
39.0486
58.7926
39.076
0.740366
72.055
10.7521
38.1029
87.9989
79.947
45.359
28.5639
10.8
22.3452
34.8452
63.1511
92.9992
86.2993
60.3018
12.3408
26.274
53.3845
25.094
69.295
97.3613
8.44908
95.0458
6.30834
42.2648
41.5999
44.3999
37.754
59.4925
58.7371
97.2342
50.2763
93.9812
19
74.5422
77.2348
47.4809
87.2904
26.3001
31.2019
70.7995
29.7563
56.3718
10.7945
26.1719
52.6998
97.4108
50.386
60.6619
76.6765
31.2557
26.5942
31.7948
76.9903
46.4723
86.0779
28.5001
1.23758
45.4809
73.7994
60.7041
62.7929
84.6993
25.437
68.8523
40.3587
72.6358
41.9437
89.263
42.9561
95.0439
85.7137
86.0993
5.22515
89.7901
2.4315
97.7049
3.50803
50.209
86.0512
77.8738
46.8843
25.979
32.9298
44.0999
70.4347
83.721
97.3782
52.6708
97.4564
42.3265
65.9624
1.33252
97.4499
54.315
68.8208
24.3514
51.2851
75.7067
84.779
23.3465
76.0533
74.478
20.7033
96.2308
6.5694
48.4624
33.1411
43.3421
57.4993
70.6789
5.36958
7.92121
83.6998
9.88828
17.1997
33.2936
67.8615
21.3
44.6367
35.1
3.42712
1.05378
90.6741
40.1279
90.0682
44.8942
10.0179
69.1107
34.5854
26.111
77.0426
28.4388
14.5209
52.9901
41.0261
49.7412
74.4002
10.8991
93.5863
10.9638
67.6995
21.4952
91.5314
24.9086
51.1849
71.9829
40.6493
47.0999
94.0288
93.333
1.98591
45.2176
82.8923
88.3601
50.9718
88.1359
56.6951
94.2137
89.3126
3.9
21.2635
2.4083
53.1271
56.1673
51.7684
38.3156
58.4596
82.2478
66.602
48.8043
87.1427
47.85
31.2061
15.4672
16.3167
100.599
67.5462
8.097
61.3352
80.0441
86.0424
54.3997
33.3168
64.4045
68.868
90.672
35.7082
89.534
4.44191
76.6895
97.7573
90.6992
94.8027
34.2597
51.4628
36.2137
92.2539
98.4919
58.5444
44.6467
31.7256
36.5
47.5611
25.1076
38.9746
63.4757
20.8852
64.9265
0.19369
78.3841
29.2454
65.2143
34.8687
16.6268
67.7016
70.0567
45.519
14.0828
53.2336
57.0122
68.0357
73.0903
30.6595
13
96.8757
66.3042
2.25577
94.9883
38.7511
75.2642
56.2997
62.285
28.9915
14.8911
26.2132
87.3675
77.3511
78.5994
34.9841
20.2548
76.5569
96.662
4.09621
90.2679
37.0452
55.6753
86.4993
8.6503
61.4755
86.8691
31.894
85.5993
28.4585
79.3004
66.8619
64.6655
10.566
38.4087
58.5722
53.3914
88.8905
64.6357
46.555
59.6597
83.7219
58.0549
6.61039
34.1527
71.3652
45.2335
74.9318
27.845
88.3081
50.9319
73.8507
84.835
32.9687
60.1747
2.37187
8.93432
9.56498
60.0619
31.6799
69.1029
56.4455
50.5212
75.7202
21.8025
21.8295
51.146
30.7588
28.9424
33.3
53.0032
76.3527
61.5711
51.2552
54.0112
77.7556
30.3892
52.9713
89.4346
68.1607
74.8993
73.0077
85.8534
75.2289
74.7513
60.114
52.6312
65.5741
74.2268
85.8758
9.79735
91.568
49.5925
65.5785
12.7697
3.15027
93.4693
22.2277
26.1895
78.8463
33.522
24.9546
27.3303
15.1065
4.1
32.7175
38.424
32.8731
42.2681
37.1735
16.3
98.0924
13.1096
50.9244
82.2561
80.7156
51.0017
47.8732
60.991
88.2992
73.4329
58.0991
60.2152
85.52
80.5549
30.1699
74.8994
90.194
23.2709
0.0496929
83.6993
96.5682
79.3095
59.5997
5.62986
99.5147
21.9618
80.2953
0.676719
81.791
23.7527
88.2741
60.1284
68.9553
59.2818
90.7711
10.1267
39.8729
13.1
22.876
81.8359
77.2205
49.1065
95.8405
2.1444
35.8557
69.1624
75.2564
28.4807
80.3721
71.8881
28.2568
99.5396
83.1693
50.6765
14.6178
72.0453
39.7407
33.7638
80.7605
97.1728
90.3992
42.3057
97.3894
32.483
0.83854
21.2933
92.5048
20.5
79.0736
55.8845
55.768
52.9842
55.8997
94.6991
84.6664
27.3505
21.1445
40.5196
57.5728
23.5832
46.2721
53.9964
51.7007
25.7751
4.13433
24.8661
11.685
14.6649
88.8161
2.6352
12.7887
31.5296
17.6041
86.7714
21.9163
33.9502
68.9152
25.1468
99.5761
19.5328
55.5648
79.1994
80.3418
40.3578
54.7446
69.9204
83.1232
69.2995
87.4995
96.5454
82.4652
80.3638
25.1454
3.41454
62.395
19.3444
26.1797
30.7068
63.3812
25.2903
58.4718
72.8454
95.7991
90.9253
38.4689
74.1994
5.24709
98.8295
20.7
44.1733
11.8753
65.3521
20.9536
17.3303
63.5187
94.5075
86.0579
42.2785
19.7624
15.2698
55.4861
47.0935
90.8749
47.4725
21.2968
70.0018
14.6286
24.2242
29.7642
14.0551
79.6994
7.08948
29.5796
29.0813
76.6567
71.7297
81.3636
13.9598
65.1932
58.653
57.3997
40.6374
76.4197
75.7796
80.2464
80.2204
82.5494
0.65465
43.5448
11.8
69.5612
70.4303
89.3344
3.23348
11.5114
36.2213
36.8558
1.00484
62.335
43.6377
69.7873
84.0984
43.1509
11.1445
75.5716
2.76447
35.7185
42.6516
82.8268
3.33304
28.304
22.6
10.9665
7.46229
42.8101
72.9962
86.4242
7.7484
80.3766
54.0829
78.347
68.5957
9.44693
9.45745
24.5001
48.3542
77.2924
25.5886
73.3995
97.321
2.30465
93.5269
41.642
92.503
53.3233
78.0046
14.1233
26.0532
58.7815
19.8319
68.9237
0.621527
99.9553
30.3126
18.2857
32.9491
78.4382
80.7652
70.8154
20.024
28.71
34.4945
54.2851
32.5553
11.9329
75.2945
43.2816
3.82648
6.25436
41.5667
1.78379
84.7271
44.8532
90.5227
98.4681
10.9477
34.6
7.21362
80.8861
3.84416
53.4368
93.9991
75.6119
42.7909
32.9884
25.8162
78.5863
88.6992
0.165964
56.2536
21.8223
44.0956
29.5283
33.3026
46.1999
14.4
24.178
43.6865
77.1199
48.9959
52.3397
69.0561
62.4704
9.07084
6.72019
73.2993
84.0281
87.8955
11.2817
77.5994
61.8658
7.12673
56.1997
52.3944
22.6002
53.827
72.9653
39.645
95.5413
57.8704
89.9239
96.2455
56.9126
73.1362
22.0213
59.5865
38.6468
90.7769
67.3636
74.9909
54.7997
40.6443
17.7869
92.6992
69.9378
13.2
8.8627
87.5853
74.7822
52.1337
90.5674
4.96937
70.502
25.5306
96.4492
31.0177
27.0857
47.5901
6.3
74.8724
28.5655
53.3318
1.91204
44.4068
46.008
14.2798
30.7598
55.234
89.2619
63.4186
28.1167
66.2874
31.7047
2.90499
21.3795
97.2946
81.3808
99.0121
80.7124
3.23962
79.7418
61.555
97.367
17.9634
94.1143
18.8704
15.5517
41.235
12.6667
56.8362
71.7742
39.3944
46.8413
7.32307
22.7931
99.0193
22.3709
70.9512
58.5365
51.454
82.2993
84.8444
75.9928
1.22937
43.9872
23.5133
12.1361
7.37969
49.5921
26.306
88.4363
67.4495
75.8041
94.4201
45.4442
64.7805
87.1992
43.2974
54.8336
17.6351
4.63918
90.91
58.0454
82.7762
97.4239
93.674
30.4848
44.6741
50.2619
63.033
55.7821
24.4001
23.3001
29.198
6.70774
33.7429
91.6229
69.7996
42.8647
62.7401
96.9621
5.85954
70.2833
5.6
0.812501
28.5722
67.5572
53.6607
5.6725
25.378
28.1138
79.6853
21.5
79.3281
20.3295
89.751
87.9485
74.7994
25.6001
56.4997
70.1761
49.1821
97.1601
59.0102
6.05566
69.7901
58.4362
91.9879
66.0152
54.0996
49.7442
50.4687
46.0214
35.4972
69.0369
36.7503
24.2163
63.8016
74.5741
47.8017
41.3945
63.9405
66.0799
44.0714
37.6748
8.2
45.5025
23.2013
33.2646
22.318
15.7128
61.3996
0.88785
5.43198
47.4998
27.9178
78.2768
16.6678
26.318
57.0697
29.7001
81.943
59.4444
80.0944
88.1992
50.4179
99.7719
4.9505
99.4818
54.891
83.9585
22.0617
2.05011
72.2829
96.1093
68.731
19.6537
81.8825
49.6802
46.9028
72.0647
80.3078
74.9414
71.885
29.8001
18.3186
95.7824
33.5799
56.1564
72.9681
99.0875
16.2631
37.559
75.7447
95.1047
90.1992
28.2054
99.615
25.008
29.6001
62.01
75.188
53.5877
21.9341
81.8055
35.6399
77.434
27.429
69.4897
66.7873
30.9001
21.7505
28.3001
34.9481
53.5351
70.7556
68.9906
23.7444
59.786
54.6399
19.5656
91.552
21.6263
97.616
70.1422
49.9849
88.8691
16.4821
53.4119
23.7341
97.0526
10.6186
71.0992
76.0512
7.09144
13.8638
55.3963
83.6786
20.0199
50.844
76.0106
6.96828
93.8728
98.0672
16.0984
38.3829
88.5459
4.82226
52.9007
72.2027
41.4761
65.0015
31.9708
22.2523
88.1635
95.6048
88.5985
40.5125
36.8079
18.3241
36.9204
23.0039
12.7718
45.2748
98.9485
87.8052
87.5173
62.8167
8.93982
78.8982
20.9648
75.0518
53.5597
42.8517
13.6965
37.3158
14.9985
24.3558
59.354
54.81
76.684
5.58904
63.3912
14.1441
77.5193
21.6074
12.6059
94.7022
46.2999
5.182
39.4598
53.6353
40.6199
43.7465
72.4296
40.8985
45.535
89.7572
48.0845
15.8522
86.3518
22.8001
22.3933
99.0752
84.5993
49.9225
68.5629
19.2
81.3316
63.5996
77.5693
71.9643
35.7352
11.7722
81.0993
94.8991
87.7678
3.22142
41.1494
46.6257
40.5378
31.1951
67.8695
91.3617
70.2993
50.945
12.227
53.972
72.3418
59.4619
25.0688
10.6516
99.5385
69.6841
75.1571
58.6997
41.7243
71.0995
55.7997
84.058
76.8594
30.8794
38.5607
75.4058
64.1414
43.702
21.7988
87.6748
66.2996
60.4733
34.3286
78.3946
26.5303
31.2275
96.1991
47.4385
20.3858
42.9599
3.3
23.058
16.6223
97.6281
60.2726
36.501
8.66491
48.0774
84.207
7.0959
77.2253
30.2811
9.91789
85.9993
54.7562
71.4507
39.2416
54.6268
51.466
30.6001
81.9302
71.2748
22.7887
88.73
57.3343
91.3234
78.4035
18.0132
41.3999
2.39474
25.1852
83.266
2.25083
4.66004
12.5784
4.4575
9.45345
70.0687
22.8201
41.7106
89.7992
45.3552
52.1024
18.0912
98.8592
95.4445
7.40137
66.9075
75.7763
14.318
98.4141
70.3563
48.7948
6.62203
3.48559
15.4852
98.7976
72.935
80.9001
43.4261
61.9445
42.6137
58.9023
68.3563
6.38959
81.0423
25.2189
65.0379
7.59444
90.8487
36.4
68.2467
36.8831
29.8417
5.0383
39.1633
72.8939
70.969
3.32465
55.8566
62.2503
97.4991
13.7357
15.4987
39.6876
0.0753568
69.1738
19.1807
43.3847
59.3127
42.5999
16.5
22.3367
13.0995
99.6666
38.1044
63.8082
31.0996
15.4721
76.8296
34.6089
98.492
86.7733
57.8997
67.3236
26.1727
77.1438
58.7384
71.4455
96.2887
49.275
83.8989
71.8995
9.04585
14.0513
1.01741
80.8609
41.4005
56.2519
80.7801
28.5818
38.3
3.95045
12.8182
92.9736
16.9643
30.5578
98.8037
34.3903
38.7912
11.505
57.9552
69.5635
18.5251
9.78513
32.5474
35.5569
36.2449
63.5374
58.5625
0.246997
23.033
11.3324
59.3539
3.94179
57.0699
19.5431
53.5873
48.034
65.7111
88.4072
41.2873
34.7762
17.5
36.1456
52.1246
54.8907
16.7844
96.9775
13.034
31.7934
36.7337
66.7996
79.0317
9.76447
34.9189
7.93033
93.816
81.5547
60.8752
30.2779
22.2639
47.9726
88.421
24.0829
55.8621
24.7251
63.65
52.2462
51.8044
49.6366
78.7557
15.8512
51.5943
44.647
97.0996
16.921
56.0303
37.3326
52.3276
80.6413
98.5648
0.223661
16.9595
12.8478
25.4641
96.0062
62.9086
82.8683
95.6991
47.0638
35.3176
43.0728
21.2
54.8955
51.7998
59.4849
92.7333
73.1697
7.94383
96.6337
29.7117
10.3561
78.3758
26.5832
65.0768
15.1829
40.0499
32.4719
30.3808
79.9191
2.9
10.4163
92.1782
20.5066
2.00361
36.6775
29.052
21.2378
8.34062
51.14
2.80482
24.4594
11.2345
23.4793
43.269
1.17827
34.4965
12.0099
4.42103
74.6139
30.385
28.8473
64.7802
79.0785
56.9341
57.1447
45.6399
49.3349
9.22211
25.6967
34.4499
47.1338
93.2399
84.7234
77.8333
63.6016
91.9412
47.4065
51.6003
70.6197
91.9834
58.1439
47.8078
29.8967
83.034
41.1827
32.2931
44.3389
8.02406
51.4828
50.2243
99.541
62.0071
11.0012
94.3388
82.9133
64.2367
1.51288
48.6054
69.1257
57.7864
34.1985
38.7986
68.097
13.4487
37.5031
26.3672
35.3014
83.5332
91.4108
90.9089
59.9696
20.5553
36.9457
10.2305
35.6872
62.8236
28.0078
18.368
26.5369
18.0961
24.9806
51.9062
96.3379
4.01873
67.5195
86.1355
34.1362
41.0766
99.1677
65.2138
35.1537
42.2162
14.2
88.2157
29.2478
71.7178
96.0991
14.5472
66.5209
85.6065
65.8996
58.0072
7.55961
8.89241
23.8399
14.1841
74.4478
82.0359
18.7238
62.3584
50.9946
24.3105
100.699
79.5924
48.5272
9.76316
55.6064
42.0572
84.9376
13.5
64.0996
15.6809
47.5924
77.016
86.6052
34.1999
59.9527
51.1307
69.1298
58.1728
24.0706
9.00038
86.958
56.9616
75.1779
6.52173
89.6096
87.5102
85.0939
95.5443
97.9412
22.3674
3.92703
82.8637
54.4564
19.5797
93.9443
9.35049
39.3153
81.7219
4.05569
90.5157
94.809
42.667
31.5991
34.5837
41.3618
57.4805
83.575
44.419
29.4654
67.2361
44.2425
61.4209
82.4857
5.48874
13.9541
5.94097
2.29124
67.0995
66.977
87.3067
76.576
69.577
38.348
50.3998
72.4364
30.3357
39.6329
89.0675
81.172
2.08586
28.9562
62.1378
53.5293
57.9875
75.9824
24.02
96.9529
24.6928
15.7352
38.9481
43.8117
66.2106
79.3526
46.3023
61.5642
50.2961
67.8796
81.7993
75.177
76.2929
1.31673
71.44
55.4615
75.514
91.6095
32.5681
30.9998
14.3489
38.2764
97.4001
98.3206
93.1148
65.5977
42.7449
18.4227
58.4775
37.9397
47.0896
22.7187
26.487
37.3281
37.3165
85.3993
15.8693
48.6998
18.7651
7.6187
40.6856
66.6397
32.7999
71.2916
12.186
74.2717
62.8893
41.6395
99.1766
34.7158
78.0994
26.9561
84.0504
75.3364
69.8995
81.8536
85.2645
91.0648
60.9501
62.4752
13.6223
65.0395
69.5288
78.3497
6.5
95.6193
51.2617
68.1058
95.5991
4.09095
68.18
47.6282
84.8953
32.1734
72.0212
93.3991
69.7907
48.5141
87.9822
80.4994
75.531
85.0993
44.3985
8.2598
98.0949
97.1942
85.9859
97.6745
76.0503
55.8953
10.5
58.3695
31.2026
13.3061
47.9998
85.2723
40.2121
92.5473
11.0017
53.5552
65.3996
91.49
76.6994
95.958
76.7255
73.1955
42.0823
62.0316
57.1598
27.8987
21.6
41.1999
23.9485
74.3994
27.0267
23.4588
14.2294
64.9063
50.1402
16.5552
66.5399
83.8411
69.253
29.8672
12.6808
37.9149
8.09999
70.5509
70.8522
59.3363
99.0023
49.1435
43.4428
80.6426
59.0233
25.0833
87.2992
25.1715
28.86
77.9163
64.1728
92.4146
12.6508
62.8454
39.3185
17.2221
26.6001
42.3141
49.8161
30.8069
22.6731
74.071
94.8486
68.5213
81.0834
41.9281
83.0799
69.7955
13.3577
96.1637
61.2169
20.3119
26.3159
92.5907
29.5574
3.89632
6.70891
49.2971
61.5714
4.3229
42.0671
34.9172
59.8997
26.0624
32.6635
37.3672
52.2998
41.5538
28.3593
87.4411
87.3561
56.8775
49.2527
22.2551
38.1082
69.7445
35.5386
14.7326
35.9636
36.6624
44.7066
35.7
65.4506
19.8524
0.0638648
5.1
33.8907
10.3869
19.8249
28.3445
11.9423
67.6836
88.0207
88.0992
32.998
86.6384
95.6861
3.18634
71.2173
46.3096
22.8584
92.5625
38.2601
42.6734
95.1622
81.5162
7.25182
18.4328
19.4
1.17413
10.9667
22.044
72.8761
80.2415
28.0741
92.0646
74.8947
47.3998
44.4292
30.7765
29.8476
89.0224
85.7993
66.7765
56.7055
58.4155
82.2504
31.3346
98.692
62.5946
43.0579
51.2294
94.9963
48.4333
80.5195
87.8208
85.4679
36.3873
1.46453
99.5447
23.477
55.6727
18.8
38.3251
89.0959
79.9446
84.0176
44.8115
25.9328
63.9612
7.42237
8.36876
29.7463
12.0844
52.0569
33.4218
42.2741
69.015
26.6772
48.2396
62.0211
44.4124
13.7611
9.37258
47.8685
48.339
69.2862
43.047
53.5222
27.6233
39.7964
81.4162
45.6825
44.2204
35.6356
36.1122
68.2785
19.3605
91.9721
32.5001
24.5403
48.2247
30.1053
0.348746
95.8004
53.6542
84.0991
6.6
91.1992
42.3622
99.1318
58.8806
96.0614
4.04567
54.1869
53.976
11.1319
38.7
91.3992
72.9698
87.4215
8.27968
49.1849
7.98795
34.6408
87.3712
69.2683
16.7071
80.2033
38.6216
14.2356
58.7893
28.0304
22.6656
84.362
36.9365
18.9838
9.11173
61.2951
66.4559
18.3111
70.2735
37.6644
41.9372
84.9938
65.9309
62.6062
77.6073
64.4673
87.2042
26.9584
99.3987
44.5265
78.5195
69.434
90.566
53.4836
65.5662
29.2018
48.2864
6.83528
40.1503
64.3392
27.8717
79.1051
35.8094
66.9938
92.4966
20.1
76.8688
82.087
31.9465
47.3941
91.7175
35.3913
25.4754
42.3972
51.2706
31.7437
63.4532
74.4629
36.9421
4.34502
60.0544
5.02827
36.6899
69.6441
36.7805
88.635
69.9119
62.8911
5.11098
64.7687
23.9182
77.8994
71.9442
39.0496
58.5295
57.9033
75.5953
72.7478
64.6285
53.9156
65.1066
70.1995
35.0238
45.7484
9.7
84.6809
8.66308
99.6126
79.7876
99.4501
45.3999
96.2753
57.8082
46.173
22.5418
33.3001
31.7322
75.8238
46.0094
40.6604
51.4234
33.8571
34.5184
55.7652
57.611
7.27637
56.0724
71.9995
49.1597
58.4315
70.2374
23.501
17.4917
44.1503
55.3175
38.8534
7.25782
77.3116
9.8199
34.1638
29.0127
0.972608
58.6653
58.4284
77.0994
1.39588
34.4856
62.9393
76.53
60.1073
35.0695
41.7939
86.6216
9.26937
39.0473
12.4671
69.9847
80.3993
91.5881
84.0889
89.1486
78.0146
48.6316
95.3791
45.3384
2.74054
43.3817
97.6361
13.3951
23.502
10.8302
73.4981
93.5991
24.2884
29.8613
64.2996
26.0588
22.5047
45.9485
35.8836
80.3786
65.2288
18.9342
26.4648
91.4992
30.7009
95.2264
2.6531
84.578
13.2169
86.6461
94.9754
48.5561
69.4169
31.4326
30.1822
37.8625
12.6185
79.726
53.041
65.2996
77.6994
99.2991
10.6239
71.9471
29.5054
44.5019
91.9543
65.2501
60.5313
57.1675
64.2901
67.9959
23.7966
67.9119
28.4912
76.8507
88.1602
87.8992
78.0054
49.476
29.788
92.5048
30.4569
1.50622
12.3055
29.1001
75.8959
79.0479
76.4684
85.7667
52.4998
29.7349
53.2499
52.0122
82.8813
37.7947
5.75775
58.7997
28.9007
66.1005
3.15711
35.8442
47.2999
97.7742
18.8268
76.4661
32.2999
13.0843
13.344
71.464
10.2589
23.2234
48.4833
88.6403
77.4994
2.18225
88.6842
5.55035
9.02672
46.7703
36.42
27.619
38.7551
73.1756
93.7285
87.2601
25.8001
53.7193
63.0691
87.4992
8.94137
36.6036
75.2367
6.29594
40.4373
31.0804
38.1649
14.5393
14.9773
70.4201
29.5001
40.7654
1.26724
71.3312
94.0724
27.0447
16.4
24.2111
7.01983
63.5449
8.76746
35.1524
89.9472
48.2033
37.0684
5.56667
97.9585
48.2239
73.0493
7.16311
7.98779
61.3277
84.432
81.9882
74.2952
27.3268
3.63572
94.0748
60.6936
77.9017
54.1905
17.5395
20.4479
29.5002
62.8996
84.6274
10.0916
52.9998
40.0653
1.07239
99.2561
63.2417
99.3425
61.0832
28.6769
97.0784
72.1312
52.8093
43.6575
53.4459
68.1955
52.1649
99.5349
41.7428
78.6148
48.3218
84.9993
43.1964
44.3477
7.96581
25.1861
65.0008
38.7237
57.0995
82.3993
29.1918
2.394
59.7741
74.0994
95.0088
38.9569
31.8058
26.3917
87.881
44.1883
24.541
4.62492
82.4717
22.4387
27.9575
25.9752
10.417
77.5224
69.9369
9.78776
73.0898
42.5133
45.5105
76.6023
41.6682
33.4938
63.1029
6.38464
57.0129
96.0804
22.0258
52.1912
35.5
73.9709
92.8246
17.7
2.65437
82.4161
76.4994
73.2127
15.6
5.28649
91.1537
24.4066
92.4051
84.799
76.6559
67.2308
28.3506
53.6885
42.2038
17.5398
53.7587
90.9992
26.173
12.5701
46.2351
9.86064
62.8501
75.4865
17.1173
49.0998
89.9274
21.9
19.2037
70.8655
90.3761
86.5055
53.9889
91.2816
17.5304
9.48213
76.6471
36.3385
75.2035
62.5893
63.6996
51.1754
83.9683
73.9948
97.9696
66.8968
74.2534
29.85
21.9451
55.2997
84.4042
31.4723
94.5705
92.877
49.0352
40.2408
30.0811
45.1364
38.1718
29.9984
39.6
26.172
66.1996
3.83663
8.37494
73.644
73.4995
21.449
68.7113
10.3945
6.13613
78.8996
1.24755
2.55893
89.8904
93.8066
61.8917
37.6791
9.5
77.3515
91.9992
63.8649
46.0999
67.1248
92.6906
43.5672
36.8526
76.1372
24.1368
5.31369
97.4464
53.6533
81.77
15.6278
92.5911
95.3471
77.5967
7.27468
82.9053
15.2
75.3317
37.3767
72.1008
55.2827
81.0914
17.7996
37.8455
14.7581
91.7757
98.6826
48.1353
6.6314
73.7033
11.0048
78.3217
90.1657
35.0215
62.3391
13.9867
53.5855
79.3107
48.2201
9.70151
96.6731
52.4334
88.1523
82.2122
63.3985
34.6248
91.9713
39.2081
43.8677
0.472064
57.4349
80.2993
52.6427
0.724434
81.5094
37.3
27.0041
88.5049
74.9989
26.6191
78.8046
30.7904
91.719
92.9017
92.4816
11.665
30.9059
97.304
58.6287
37.4847
55.3056
24.9143
47.9954
46.921
18.088
29.3096
59.5248
73.5771
16.8442
38.5
18.4818
66.8391
15.9568
95.0015
21.9648
45.9999
64.5852
46.8074
99.7244
83.5515
56.6748
46.4788
42.7184
80.0487
63.2579
77.4169
38.9575
27.9653
67.8995
94.8561
43.2146
47.9735
45.2899
94.5999
62.093
24.4325
79.1412
46.1377
20.6347
33.9377
12
93.0527
70.5032
76.2354
68.2601
33.1931
49.3998
11.2502
73.4026
7.6
36.7241
8.48609
39.5132
88.5624
68.2144
89.2089
51.7604
40.0146
77.0674
78.3404
89.0672
16.4009
73.1554
23.5534
13.9728
30.3741
77.1787
89.3712
89.3612
87.4679
46.9629
41.9999
8.03489
2.31974
45.3482
24.7489
82.4659
40.6
37.2085
32.1095
69.856
65.3653
36.1432
65.6172
1.20959
34.8
92.6538
63.231
49.4979
51.2887
35.599
63.7484
15.8877
23.0893
66.5996
10.6847
37.9527
92.8199
3.20904
92.9262
50.7409
16.2228
95.2309
34.3819
23.9748
4.2483
95.89
11.6553
84.9416
31.1544
76.7831
1.86145
86.4389
27.5222
18.8378
81.737
23.7025
58.0264
74.2875
72.8049
87.7656
87.5132
40.2
76.6347
20.3025
90.8931
1.5639
11.5145
48.2883
21.7582
35.8824
88.9992
86.7927
2.26635
50.1114
46.7788
15.7926
81.8678
33.0418
40.2854
96.524
27.4001
90.203
88.7715
23.5189
81.9595
74.2254
57.3802
38.3418
85.4836
68.4895
77.0085
58.1997
95.3258
72.7712
23.7832
46.8999
69.5522
72.3537
62.1145
49.7987
94.4271
44.6867
3.88049
56.7817
37.7791
22.4261
35.4
33.7762
81.7587
92.819
81.1408
99.4891
72.487
96.6927
59.502
70.2964
27.3339
7.5
69.559
7.68447
58.9535
95.7569
46.5167
9.7464
44.1319
23.1001
92.8921
1.49304
16.5368
92.3023
26.7001
6.96968
91.7992
10.2496
73.0679
78.6202
1.78782
97.6371
40.694
44.1989
30.4935
11.3212
74.9748
60.2706
66.9761
42.9999
65.7469
38.408
3.31454
59.4562
0.00222777
70.3567
87.8913
48.6349
44.1146
72.7483
82.3765
43.7309
39.9058
16.2934
67.0953
33.0055
35.7806
10.8412
58.5873
10.9022
19.4754
99.554
62.4261
52.1311
65.8654
39.5645
10.5689
76.0049
35.8197
37.2576
57.2856
38.6
1.86997
76.0795
93.7163
70.6995
15.2409
51.2998
9.82635
98.6991
57.0064
50.8266
45.9682
78.5849
18.0322
16.904
0.510661
49.9688
40.3653
48.7536
23.5378
49.0038
59.4298
48.0285
59.6195
92.6667
25.3821
10.1768
25.4615
76.3994
40.3028
70.1989
38.1293
73.999
30.1854
36
97.9966
1.46691
40.8044
9.43475
55.7904
83.0809
14.2807
7.72217
17.8
54.2215
27.675
60.9764
80.3169
10.2
38.8161
42.3081
9.11776
17.9825
20.1258
40.0455
58.8488
75.1994
98.1521
47.7534
77.7375
37.2496
73.2849
8.41782
47.0331
26.2854
90.837
32.7419
0.862296
46.1315
49.1681
57.6317
54.1997
1.35097
89.084
27.8859
58.8941
69.7689
96.1146
94.2054
71.7021
49.7529
40.8852
38.7125
60.6797
93.521
79.9364
82.2892
30.4001
23.7071
29.8278
38.8323
69.2033
46.5036
81.7892
16.8767
2.90058
38.6205
90.836
13.9887
57.8103
0.552844
27.0691
62.2105
70.786
18.178
53.301
40.4734
71.3995
7.34585
5.25591
60.7968
65.6697
38.7359
62.2736
1.61096
3.83195
8.95759
31.8094
37.9039
36.5115
89.1667
2.69183
67.2046
79.2958
71.9234
43.0225
74.9574
76.4645
22.606
6.64716
11.0887
48.4659
48.6467
24.6497
79.8892
1.70242
3.13915
98.5806
27.4675
35.1361
83.2722
67.3907
16.7004
62.743
30.0001
20.6777
91.6437
31.6332
4.7
31.7162
99.6991
34.1001
6.1237
40.227
97.4352
44.3068
43.2804
25.2001
17.2919
61.8996
76.8809
91.0875
96.9649
49.1824
84.7561
99.452
35.8
2.15819
38.3574
84.5271
33.6001
13.4354
41.7257
77.5793
61.3065
21.0976
50.2998
94.4991
81.4492
14.6338
62.8091
54.9409
46.706
29.4745
96.8506
93.803
88.0018
26.894
22.35
99.0976
2.58781
22.1
5.43511
73.6795
15.0076
92.1524
80.1106
99.1991
8.15103
50.6872
97.5566
33.6852
0.931319
69.3995
37.1201
32.0597
6.4331
33.1109
2.917
81.8903
41.3156
13.6305
71.5595
64.4959
86.3116
20.543
7.35677
2.66265
72.8343
17.1654
42.536
95.5551
67.0175
53.3436
71.6706
58.0942
15.091
21.3687
96.2928
36.6668
88.4949
82.8993
64.0614
27.3677
1.8
31.1758
75.0036
10.5689
55.4298
21.5921
60.0444
31.8053
42.3105
8.35744
31.2741
99.5908
98.1211
98.3619
86.975
37.1471
3.82759
74.442
35.5756
40.3112
22.8601
37.4505
92.6518
47.168
17.5931
42.3807
24.3535
86.4098
49.8544
91.5992
31.6988
28.4397
22.3
9.33344
83.9315
92.1992
34.2107
84.1099
14.1225
7.55275
64.6996
27.1149
43.5999
76.4186
9.86242
28.43
28.8497
65.7151
50.9708
91.6396
57.1027
80.8399
96.2906
3.83136
95.5883
18.2814
92.8014
47.5796
59.7685
98.2613
44.8467
35.6388
96.5991
92.8474
2.31723
17.2798
10.3
42.1072
1.20127
75.5836
31.2444
94.3532
44.1757
93.1161
85.3684
13.133
1.74822
54.299
27.0805
90.2485
19.9954
1.3891
32.9622
19.8546
46.6394
35.1727
23.2964
51.3833
78.0337
20.5368
54.6201
81.1668
73.2108
12.2193
49.2484
97.6181
30.1446
7.24622
35.2273
81.8947
87.6202
88.2722
76.9262
4.8747
98.9333
53.2561
68.3805
54.1045
100.399
56.379
81.9122
16.6
4.41135
1.84166
16.6871
19.2726
5.73872
15.7839
25.0133
84.2896
27.2953
86.8718
9.39693
43.7998
45.4581
65.098
75.7906
72.3995
6.58108
65.4753
8.46005
85.5773
48.4991
51.531
3.25908
17.5859
77.4596
27.8582
46.7061
89.763
31.6848
38.0666
3.50118
50.8998
32.9001
9.17983
44.3563
32.5083
77.7994
63.0587
92.2058
68.2512
22.2985
72.0327
92.2963
2.14477
28.8519
41.2737
21.7148
92.1832
68.8066
45.7034
40.441
50.231
84.0829
63.9996
5.0374
20.2773
80.8029
7.07569
67.9995
32.916
91.909
75.6638
26.773
8.16827
6.23781
20.5978
20.1756
75.3691
58.4118
38.5924
56.7706
70.0919
10.6
65.6108
48.8024
93.4464
73.5433
23.2219
72.251
11.2425
64.5529
24.2993
36.6494
83.7885
43.0928
35.3096
52.3063
25.4904
12.5416
7.7
69.4305
29.6127
12.2646
33.6694
68.053
46.114
1.94208
1.7477
2.40907
83.7179
33.3227
40.86
78.1356
35.8634
55.5257
9.93303
40.2201
58.324
4.2981
53.823
11.9273
19.3062
79.8388
53.7295
14.7718
27.5337
71.715
85.8463
17.6
14
81.3317
24.2001
45.4035
16.9582
46.9872
11.4304
50.042
4.91446
46.4558
20.3
93.7635
35.6733
20.445
13.2044
13.4515
2.6
6.62875
43.2889
69.0577
3.04714
24.4474
7.58171
83.3753
2.7336
84.7922
93.475
1.64848
17.1709
55.0997
53.8449
42.627
93.4449
88.0816
72.9995
33.0123
55.3307
28.6938
9.6507
48.8421
21.794
50.1206
12.0279
65.4033
2.92414
47.9064
47.6066
72.2828
20.784
65.8104
7.2
16.9847
42.6192
7.40401
15.6095
0.0830479
99.7725
52.1801
95.3991
82.799
48.9998
70.5071
73.2995
17.3211
83.7361
38.8
17.7596
24.5721
2.70684
43.7707
37.7384
17.0544
78.3994
18.0781
5.34472
22.0003
44.8021
40.8999
9.3
95.3252
96.2602
97.1063
1.94975
60.4996
12.2152
52.7677
13.7217
19.8385
79.5261
29.8128
27.3261
15.2787
84.5941
53.0004
73.9736
58.4573
17.4172
70.8422
33.6965
46.9222
64.478
30.3387
53.8315
18.3558
9.36862
35.9421
95.7928
71.2103
7.05526
43.5632
33.2381
59.3997
66.6996
39.5969
54.5748
25.8427
49.3042
49.6479
81.0869
29.4001
32.7254
36.5114
50.751
73.0995
33.2126
98.5584
26.884
12.6777
71.6842
0.871027
4.40711
98.3139
18.3111
16.0585
80.4583
7.54251
23.1978
75.0294
67.9159
76.3924
15.4002
62.9415
76.2379
72.3814
80.5993
5.72645
83.9106
42.7999
82.831
42.6349
93.1107
83.3124
29.5794
7.79134
20.8616
89.0704
79.1991
18.9
68.6412
26.2265
83.6888
22.3273
88.4953
70.9486
43.468
6.58967
47.6544
8.10891
83.4443
15.7007
21.4327
36.9967
81.5993
38.0418
59.7517
92.1019
86.743
5.99368
68.2635
38.8709
67.0232
33.5282
86.7856
39.1382
29.3001
68.893
11.3183
31.2354
92.2886
79.5057
83.8268
99.5991
46.695
79.6861
65.9634
70.9203
66.9977
65.6903
39.2699
76.3227
79.7981
23.9321
79.6825
46.7999
19.2982
79.7842
2.47986
42.4999
54.5559
42.7836
25.5791
93.575
14.7943
6.1
69.2744
44.4999
57.6149
89.6116
89.1221
72.4253
86.698
47.8086
5.19388
19.4586
26.7509
48.4098
4.4
58.3091
68.9409
17.4682
14.1166
27.8316
61.9179
21.6099
66.9261
46.0137
85.2993
45.9899
81.6993
60.0997
82.9226
62.7922
9.20397
27.2217
36.3047
17.9956
22.7459
53.208
24.3726
62.7996
12.9
26.9001
55.7197
87.6764
38
3.7
73.5974
9.46153
59.8577
93.2805
30.1929
49.4548
47.204
99.7884
84.0347
80.2103
41.0333
69.7995
58.8641
8.67014
40.4021
13.5704
54.701
84.516
67.3251
23.069
24.3064
31.5001
5.32585
70.63
19.1074
91.8638
29.8503
28.3426
75.0882
55.5281
10.1723
3.19588
42.3632
20.1562
66.3716
15.2902
39.5135
68.4926
25.7113
4.48509
84.9457
97.7991
48.5998
52.278
12.1029
62.7954
19.0009
33.5779
57.0286
11.9201
86.6992
53.9124
18.453
78.1333
46.9405
89.9992
17.3
52.7108
48.4258
30.4683
43.3234
85.5269
83.4932
48.8998
81.6809
62.9969
82.4853
67.8047
15.7295
98.1485
34.1336
7.04399
25.5269
15.7623
99.4991
49.1157
8.21034
42.0999
38.1592
28.4001
29.0429
16.8593
66.3801
84.0149
54.1096
76.8762
10.6104
74.1738
64.2141
72.8389
27.3001
25.1475
43.2191
23.0078
54.984
35.5818
57.4594
28.6327
49.3193
93.7989
33.5569
76.6485
41.769
1.24245
31.6731
97.3269
30.24
99.6628
53.4145
60.4842
70.9733
80.6327
51.5998
29.2398
20.6501
2.5
38.5723
3.49851
57.2997
2.59966
46.6614
13.1868
5.78692
88.8992
59.2758
16.7
25.4811
78.1189
68.7264
7.39287
3.62877
64.9977
2.74889
28.6136
9.47559
81.2656
90.4367
73.6994
99.9515
81.8566
84.6327
60.9368
33.4082
31.2214
35.8709
71.5092
82.3221
50.3313
7.76289
42.5129
43.6969
30.6014
9.45812
53.9548
93.2305
55.167
66.244
27.0862
4.24485
85.7147
92.6152
71.9822
89.2992
47.6998
28.1001
8.55121
20.3972
11.8878
1.73392
1.52905
54.4997
70.8764
37.8399
24.8778
0.912013
68.5135
16.7717
39.7096
87.3173
89.8549
59.299
1.5
12.3377
67.6811
27.2314
68.3848
44.0339
65.1096
18.1
96.8481
95.0459
17.5571
94.8261
56.0579
72.0745
65.4602
41.1345
0.985918
35.3
41.1141
1.97073
60.6996
51.6998
0.613668
89.0057
30.2885
15.0565
12.044
70.7388
28.6298
46.2697
18.3814
17.0526
46.598
90.7118
67.6447
82.1438
23.222
60.1196
74.841
83.4673
74.5337
65.4355
53.8205
87.3127
93.6369
36.9967
52.4939
85.6745
31.6921
50.0998
74.5965
55.3555
82.7306
67.0511
34.7385
75.8297
16.7936
37.6351
70.0602
34.6851
90.9649
59.8792
99.3991
10.2367
53.1134
2.7
97.3148
11.3
8.4
43.2618
50.3307
8.9
44.1747
90.815
74.0656
33.6966
57.6997
99.7341
62.6996
78.5832
22.9862
70.7445
93.6991
25.7735
20.7134
30.0765
9.33356
96.4991
89.4992
80.1916
42.69
79.3248
62.3462
26.3736
16.1123
90.8395
55.0283
98.5103
99.9842
41.6261
22.4796
73.8706
99.2417
34.5268
89.915
67.3671
76.842
25.9943
33.4001
51.3133
39.8851
5.20736
12.6327
62.4958
39.7
32.3866
1.00855
59.0821
67.6178
57.3044
94.3815
82.9762
35.0605
90.5947
95.3214
72.1088
66.6355
36.1135
77.5823
77.5684
83.458
81.8993
85.0369
27.0826
63.5892
68.2315
3.5
15.9
91.1421
39.8925
46.7386
71.1441
73.9994
54.9363
79.3536
65.3066
86.8022
98.3483
14.9087
73.673
84.4166
43.9933
47.1999
76.248
70.9255
64.1996
10.087
60.7087
65.1732
88.6049
63.2231
89.02
73.6275
30.5455
51.4432
18.5882
25.7337
45.4603
67.3478
66.8115
46.4021
85.6506
14.6577
55.1997
23.8533
66.5997
88.8755
31.6001
40.1
56.2479
73.7544
82.9565
3.56984
10
33.4535
48.7117
22.3923
86.839
69.4958
83.288
25.5933
89.182
24.0335
89.0686
62.2062
51.3549
77.4043
10.9407
63.2727
80.6569
84.0993
24.5716
73.4679
96.3218
9.04311
92.4674
55.7678
13.3427
78.2994
48.4195
12.9885
53.7399
42.0396
68.9956
82.2669
66.71
93.5197
31.1948
57.7997
17.7374
27.9001
85.4751
56.3296
26.6949
67.1402
27.3316
90.3592
60.5777
36.3145
21.7
64.3025
11.8152
7.05313
87.2486
61.1996
68.5995
83.1854
38.5916
41.0766
26.4691
86.7284
68.7689
43.7609
6
21.303
80.0967
72.6587
1.75244
24.2982
85.5658
15.2607
74.4546
18.3065
21.6998
60.5996
65.4061
97.1463
55.5999
36.9229
96.1042
11.0862
78.9994
18.251
23.7001
32.8347
58.9108
97.6695
68.7964
3.29561
47.8864
80.7635
27.2251
96.2991
51.8255
35.615
15.288
9.43394
16.9734
11.3993
34.0547
69.6254
94.923
85.2656
40.5
48.4484
81.974
77.9214
43.9203
61.5253
23.7375
56.0342
7.94286
80.1993
48.9608
58.2183
44.9999
59.5246
8.91403
3.97719
97.813
68.0531
76.3647
19.5023
37.3298
91.8597
59.8394
24.6899
60.2776
8.64594
19.2275
52.3998
3.68259
57.6078
16.389
85.4837
14.6
27.5618
68.7495
7.22852
58.1789
33.9249
46.3757
37.5422
91.3579
67.0415
88.8162
43.32
9.57695
65.3631
16.1383
3.62155
30.6691
58.2419
81.6628
26.4551
23.2001
93.3402
5.9
21.7478
21.6486
50.5582
0.148421
32.7473
92.9722
28.8568
14.8051
1.69332
68.7823
33.4352
74.7819
65.4996
21.5157
40.6858
45.0999
46.4128
10.1
58.9315
58.0292
52.9027
98.3065
52.8897
79.2994
32.9526
2.7134
58.1789
56.8837
30.4603
84.2176
45.1275
29.7822
39.1492
16.0218
60.0503
20.475
78.4191
68.7459
85.878
10.6228
27.9888
89.0352
88.6772
30.8186
57.279
61.9716
75.581
25.8133
42.1999
86.2996
51.7325
70.028
38.4488
77.8761
33.1462
30.2779
59.4446
86.6219
10.0111
30.3881
15.4196
29.177
64.4996
17.1117
19.8021
40.3632
65.3529
64.9776
0.27403
17.2597
13.3
21.0012
27.7153
49.1397
11.3969
80.8705
99.478
34.7726
96.5131
86.7992
66.8288
81.7605
33.6568
23.0544
13.1094
77.2505
18.3566
60.5653
19.8085
28.0543
5.8
91.7542
82.808
87.7161
50.7952
55.6508
48.1152
62.26
4
12.1529
71.2798
15.9414
98.6453
8.07919
94.7908
50.1243
30.2792
50.402
38.638
23.8001
43.9949
94.3283
69.6995
76.0824
88.1795
42.9483
92.3592
67.4897
32.0791
57.0148
46.7522
62.3363
96.9336
33.5861
79.1559
5.83677
15.7198
63.3261
44.1999
72.904
20.1657
13.3785
49.8241
38.6639
94.3034
28.0351
31.8175
6.10592
23.5001
93.6365
74.6143
55.1955
65.2052
4.50485
72.3892
37.1695
79.0292
11.8454
2.88202
84.1993
8.69678
70.0889
46.1442
36.0527
37.4293
96.7682
24.2168
67.9587
17.0342
2.65601
29.975
0.293806
66.0996
5.08506
77.1819
11.7
32.8389
61.5813
86.2852
19.8513
64.6664
69.8125
14.4749
7.1
2.81217
18.6493
67.5633
31.1195
25.6402
51.4923
59.8209
98.9989
48.3737
23.8027
85.6272
67.3995
79.6903
27.4137
34.6698
45.2999
13.0924
47.2789
54.5997
64.0733
0.567594
98.4049
37.3934
49.1998
67.6653
80.8685
7.33434
23.8892
55.1569
12.3
58.5354
87.8829
29.0143
25.9962
9.68539
27.7168
74.3168
18.5
79.5994
42.3712
13.5569
71.1995
25.6791
82.6806
8.91905
12.7371
79.5292
12.3885
52.7805
45.8498
51.267
85.5375
25.3384
37.9643
22.2536
6.41348
19.6194
22.2564
54.9268
70.5995
15.9772
60.5909
28.7697
69.5619
93.8148
98.9919
70.8125
54.8726
20.0411
63.9643
5.08278
94.855
42.6439
24.3908
87.13
24.7309
48.9217
70.0441
21.8
30.5877
63.3508
24.0184
60.2455
73.4132
66.7901
99.8563
61.4525
1.61543
83.7993
3.28974
71.8728
86.359
60.2158
72.6385
80.4365
55.9193
99.8784
59.6054
64.0484
24.4558
48.8466
1.86335
75.3867
20.1113
16.1299
73.2942
47.4659
37
47.8902
11.2757
76.637
86.8992
85.2387
31.2853
32.1276
90.8963
94.1567
63.0805
1.65829
78.2847
86.5516
99.127
92.8915
86.3993
29.4021
92.1865
83.5381
18.3267
63.6099
52.5998
84.7261
78.1157
14.8737
2.45861
74.7862
14.907
9.49312
19.9724
39.402
85.1993
79.9366
15.1082
80.9685
67.7995
54.7532
21.1065
44.5646
99.5108
79.9175
51.5038
64.4845
35.9879
36.2949
91.7986
19.1312
96.9991
81.1127
57.8666
36.9
72.3313
72.8343
13.7751
43.2813
92.2143
82.763
77.5783
78.518
18.5445
43.0518
28.3711
82.2562
7.79999
38.076
30.0898
22.0078
41.1689
98.5945
17.1007
85.7879
43.747
90.2581
92.542
41.0999
38.4687
38.9
92.8366
79.9994
23.0104
77.8886
74.3162
97.1991
89.92
42.0493
21.8566
63.1174
53.3306
5.00315
66.3153
62.6123
26.0307
59.5281
13.1169
89.0992
54.3168
2
22.4139
54.1274
51.2931
92.2991
15.5648
8.29292
83.8348
20.4758
98.6703
83.0275
94.0608
63.6551
6.22523
29.0105
11.2909
58.8997
2.25157
58.0749
52.1104
41.8824
13.9898
34.6228
25.2144
30.6289
51.3156
51.293
18.7232
55.606
4.62583
3.6
35.0155
51.4767
0.932128
75.5641
87.6303
33.8823
2.9433
82.7299
43.709
51.6674
35.6627
21.0821
48.82
17.923
63.0181
90.3053
64.6736
95.7076
15.8689
40.4626
68.8027
3.12005
59.4738
30.0174
18
14.7039
30.7196
18.4236
84.1624
21.5891
5.01813
59.122
25.951
90.4956
96.9005
73.0611
85.822
37.193
8.31556
96.7847
57.3977
55.4761
46.8572
44.671
76.2693
43.7266
15.1
34.6702
16.0941
65.9038
55.4821
32.8876
84.8095
32.0423
2.15361
33.5082
71.881
28.9966
54.6912
79.3733
7.0962
40.7628
94.4479
27.7001
3.2
52.3211
74.5596
44.2155
11.5125
96.8644
75.0378
34.5088
74.3344
64.0582
38.8823
62.5935
90.7896
39.2
97.9941
76.0212
70.3439
34.0927
25.3404
43.373
38.4
92.7066
97.6061
83.3563
2.3435
18.3206
83.8333
19.0239
58.0997
50.6911
87.7195
55.9997
16.6466
0.445099
28.7497
25.1185
51.4709
6.81347
47.9434
11.1414
54.8149
23.9309
6.14394
56.841
99.799
78.0225
26.4322
3.34609
75.8546
82.1549
35.4918
68.1995
68.8995
57.7396
66.593
14.8513
4.46527
47.5611
84.4886
39.3134
16.1
99.6125
67.1571
57.9457
4.77729
75.2193
12.6592
51.5437
8.4061
32.7447
70.7078
68.1702
21.1347
9.43291
73.9798
69.5877
7.99193
67.1513
85.6209
47.3266
65.7275
45.438
97.1352
99.9369
76.5251
47.4394
25.9267
37.8431
69.0356
22.2463
38.9704
78.5489
75.2963
11.2774
99.1233
68.5184
89.3373
13.8321
83.8993
44.8522
71.8589
15.0418
59.6002
7.30355
81.2661
98.9671
69.3901
78.1585
77.8468
9.9
21.9238
5.2307
5.3
100.299
99.0282
91.6501
92.9961
13.3977
46.8654
50.081
15.4872
83.637
82.4644
75.7591
82.5576
88.1066
70.0358
36.2989
13.4809
95.1242
52.9868
43.6509
88.8681
33.8773
34.63
72.7995
27.8473
87.8126
25.0161
32.8331
69.3105
51.0998
87.0048
69.3051
22.3003
90.1024
85.1591
98.7362
31.1381
59.289
50.5644
12.2733
90.2992
24.6285
90.4812
51.3999
99.3871
55.4436
30.2001
16.092
95.0985
61.5132
80.3781
22.2
87.2019
52.2472
24.0374
18.3792
61.5043
76.7714
2.2944
50.0479
7.5792
38.8095
44.0025
38.2712
51.324
58.1674
93.2884
49.7372
8.18085
53.2836
14.9
80.7086
91.201
21.0466
86.8978
43.4374
77.8603
73.1148
19.4655
57.1346
84.1677
36.8443
2.91065
77.3132
97.4704
35.6
50.2133
9.52669
21.7287
68.3485
50.2042
74.9273
5.03207
29.8607
49.0087
18.4159
57.7702
21.3813
77.6434
21.7627
94.2042
1.28783
78.4189
94.3431
50.9027
59.7928
75.7534
14.6279
98.6457
73.8483
41.3685
19.8
84.3794
30.3539
95.3574
37.3382
20.5565
51.988
51.3768
29.9589
25.1927
43.2101
39.4543
22.394
5.55425
2.1
7.74693
31.6559
96.6246
98.6547
65.3897
76.4942
40.0068
24.4109
39.5464
6.79865
17.0064
99.5472
39.6012
77.4285
33.0067
36.6037
85.1694
36.2948
69.0859
37.4605
33.469
42.0744
7.36389
47.0154
63.3184
92.4337
29.5761
38.3555
35.3538
76.0595
40.5119
81.0036
4.38219
40.8069
56.3997
48.9128
1.48828
32.2466
26.5881
32.8001
8.51906
82.5993
34.8614
93.7436
74.0637
39.6579
48.8624
53.1004
95.8369
75.2275
44.5347
70.2995
73.4232
48.169
61.5019
34.6571
8.3
3.34506
13.3273
12.7534
83.262
96.8265
85.0383
48.9615
71.3678
82.2545
4.89447
91.1184
1.82795
8.1461
74.0727
22.1273
82.6993
4.98098
47.9939
80.4101
29.6196
55.5407
100.499
98.0754
57.7083
43.7435
25.6304
81.4993
65.8452
66.4996
29.7818
59.6272
47.1225
54.1709
70.6452
87.5957
95.51
30.6821
90.0256
96.1804
24.6523
95.8991
35.3916
97.1713
54.5279
3.4
1.24596
65.5996
61.036
3.56741
55.6901
1.72
71.9269
94.1382
79.2918
30.9059
95.4991
86.5517
46.0434
60.4345
96.3707
6.45278
52.8546
43.033
62.9579
55.3705
30.7212
55.8617
92.7992
65.4114
7
39.4107
61.2297
67.1252
6.21934
55.7465
23.3026
36.3684
43.283
46.9683
34.5003
7.21155
65.2307
79.0782
31.6125
21.1458
19.3
92.7589
9.1
80.4663
1.17805
87.7636
52.1066
43.2594
35.6411
24.0804
99.8425
79.3194
3.61146
7.76663
25.4936
4.83424
37.6939
43.2712
51.1876
58.6611
33.2001
27.6109
46.3999
19.2614
50.3746
55.1148
52.0729
94.7526
34.2896
15.0025
93.2991
33.6381
47.4765
43.7267
10.9804
16.07
88.7006
76.035
82.5423
12.8639
7.48276
70.2577
11.5624
51.8586
24.8077
53.5998
97.0774
57.2997
43.8516
72.0097
10.875
73.8841
3.36179
57.6729
51.2189
57.981
14.3931
55.9089
33.4886
61.8697
42.5923
66.9063
51.1584
33.6069
25.3062
82.3208
96.8376
22.8827
77.6381
5.36714
72.0921
58.4768
83.521
41.9131
22.4
14.3636
95.2991
85.0809
76.4588
8.12444
25.2097
51.1497
95.7824
52.4706
32.3517
1.7
89.9677
47.0361
33.8707
99.2792
38.2089
49.8459
11.0503
45.9633
91.1768
76.5994
45.3065
76.925
80.884
19.7306
37.3387
46.9699
18.3
73.2688
47.9259
91.238
49.5642
1.07107
64.9945
39.0535
56.6224
20.5261
6.24784
70.151
48.2998
2.21852
3.97024
13.2226
83.1796
43.291
14.2868
69.5765
34.2896
66.1621
74.4771
80.9268
97.5511
22.9256
34.29
76.1389
31.6989
1.1
47.2842
68.7868
77.126
51.488
59.1464
82.9993
61.0502
6.22932
89.7772
15.5
67.9742
51.1731
68.486
9.63573
33.4963
50.3348
40.9999
96.1867
9
97.3282
80.4676
6.04322
3.04878
52.7998
98.894
8.34433
1.21446
0.30299
16.632
4.88435
86.5202
43.8891
72.6079
77.1994
66.8392
76.0994
85.0187
26.6009
99.5133
94.5991
31.3406
67.4995
56.1336
40.7792
47.5472
74.5899
33.1166
67.9617
22.2318
5.79311
95.702
35.8462
28.5119
70.7996
45.9
97.5823
94.9638
12.0232
39.7495
55.6707
20.2713
40.7
85.9624
64.6243
62.3996
72.0579
71.7612
36.6941
36.1
27.6001
0.643469
7.10895
89.3861
9.01594
27.275
7.88911
29.7304
22.4446
53.2134
72.9298
35
15.6457
5
53.7619
91.8435
33.832
86.1801
82.3194
66.1122
57.2675
6.04736
22.1752
0.434816
46.0679
79.2329
39.2225
50.1707
21.4342
74.9791
81.5663
13.1561
43.7761
1.51854
76.5512
39.8765
27.7356
15.9138
92.647
86.3822
73.7482
12.0029
34.4412
99.6939
34.8599
87.0747
28.7218
83.8715
35.115
42.7369
33.1361
51.4829
76.2667
70.8029
88.67
59.6027
72.8917
5.19392
52.3699
5.85749
13.4052
94.8523
3.99272
53.8378
32.2744
48.7513
23.5662
57.6138
72.7274
18.9331
2.02053
83.3993
45.2434
20.5077
4.23036
13.8
15.0293
26.2607
6.50603
49.9998
59.0061
13.0317
12.3075
47.6956
27.2902
62.0996
31.2346
32.6745
86.0775
81.5684
52.2367
49.5748
66.7324
68.1323
61.2832
63.2421
42.6622
76.8994
75.1689
60.58
64.777
14.5
59.3867
11.5862
90.4857
23.289
40.2895
95.644
30.7025
29.0551
41.067
26.2512
28.1472
43.8124
47.041
98.9
84.9324
88.7785
53.3988
59.5542
23.9529
21.2601
71.28
70.4193
52.0998
61.8541
94.461
79.4479
60.3965
27.7276
59.5865
51.617
60.2186
64.7055
57.4997
60.924
47.6851
96.6808
37.5243
5.95205
18.2263
89.3687
81.1796
87.1813
26.7475
29.6989
27.8134
54.7431
31.6432
71.6995
89.6625
12.4812
32.6598
92.3682
29.828
72.0875
90.9213
59.2271
77.0195
88.5367
13.2509
27.9886
77.2185
38.2429
44.8696
7.65746
94.5335
91.1336
45.8999
15.6547
47.7046
32.6072
16
38.0318
30.8001
51.394
48.6305
45.3704
86.8518
78.1698
26.9857
1.92336
80.0263
20.5805
60.3605
50.3559
51.6053
49.2295
52.6858
1.67597
16.1716
67.8839
25.0868
86.2182
93.8878
54.6624
97.9808
75.6526
54.1794
26.3493
1.65938
19.6539
17.7339
85.1923
73.3212
16.1293
79.9014
68.9542
57.7536
45.5761
57.2385
46.0767
53.3028
63.6264
84.6378
15.5502
19.2679
31.3001
18.6906
68.886
28.0001
44.5748
50.3936
7.88301
62.6392
79.3451
81.1008
18.9092
4.75946
63.8101
30.9505
4.06222
57.9801
35.4254
72.4393
33.612
67.5913
44.7631
1.6404
80.208
36.023
87.9196
15.8958
10.7267
45.2
84.2887
36.2981
96.3279
4.48468
79.4994
67.8185
11.8263
97.1133
85.7944
16.9207
54.6818
56.4332
39.9523
4.19734
99.227
12.819
94.1873
69.0715
1.4
77.0403
85.1556
93.6474
26.3876
40.9813
51.1183
57.1127
52.5919
22.7497
46.4062
37.4828
92.2306
21.5444
94.2021
66.3607
61.3885
0.727849
64.9546
89.3861
24.7076
11.8054
73.7098
10.9477
9.15998
46.9943
79.9023
7.34601
33.1418
82.3396
4.8993
54.3076
18.7
3.31471
77.6951
53.8176
27.3103
8.55371
13.0988
65.3606
49.234
15.7078
53.2998
71.5063
98.4107
10.5402
1.98993
81.2401
22.8905
95.2112
47.8093
96.7991
32.7379
85.3765
51.0345
92.2992
90.0621
45.0958
9.86207
8.56757
49.6292
34.7466
68.9562
98.8456
80.0512
11.2
17.1981
96.8991
42.9709
60.9996
94.8249
48.2548
52.4825
63.5706
31.8453
28.186
97.1392
86.6792
26.3232
86.9888
63.9371
31.9102
7.85451
25.3927
84.0664
95.8315
46.8054
52.1991
56.7157
79.0495
24.5287
51.1153
65.58
55.7427
66.9659
82.6404
91.2992
98.129
32.7752
97.9991
98.2678
44.3371
17.8351
78.9384
14.3
3.94444
56.6571
72.8098
98.5788
34.4229
32.2075
76.782
53.5016
20.3564
8.27021
57.4214
9.58453
94.7487
61.0166
49.1485
30.1115
68.4995
83.8309
14.1229
62.9479
20.2965
87.5928
68.2488
10.575
28.0566
84.4994
58.5967
35.8976
11.1
88.8287
27.4406
26.3503
73.083
34.3312
33.4554
23.3865
1.84933
64.8047
20.9958
17.1578
49.339
59.2893
96.4363
18.5313
83.8164
82.6159
37.1
20.8837
4.37867
100.099
83.9993
97.3685
12.1
12.4117
46.4355
61.3687
80.2422
17.9
72.6656
73.319
27.8001
91.6673
39.5191
57.2963
79.104
7.77707
9.95544
74.8495
88.638
71.788
53.9997
91.0892
32.7418
2.54356
79.7994
73.5178
33.9122
41.1448
19.2777
56.4092
11.8387
95.4342
84.286
87.7992
68.7289
11.3607
32.9958
83.7939
60.0332
65.2496
47.0955
89.011
21.6223
4.57303
3.57189
9.2
48.7597
74.0273
79.9707
34.2117
63.9389
34.702
61.2239
91.2803
53.6617
81.3184
47.505
70.5884
2.47026
25.3565
97.51
36.2828
48.7998
62.9966
39.8764
97.263
15.9711
56.9139
45.6999
31.4428
49.4998
83.1205
55.8577
57.9114
43.2999
15.3002
1.36482
18.1189
39.6286
43.9548
90.2425
75.6722
92.7638
42.117
79.675
88.8206
44.913
39.1
16.7265
90.705
28.4163
47.6874
7.67104
0.449832
49.2168
93.8071
65.3973
97.7005
67.1106
85.8721
11.2089
35.9342
78.7673
48.2933
63.4153
76.7067
17.7689
81.3993
14.9714
58.0454
58.0656
37.1231
0.0941322
62.4462
67.6749
15.5539
70.1467
65.5056
49.0445
92.2282
46.9316
92.1205
1.09126
96.1377
88.5694
70.0995
9.68894
83.9634
63.5512
68.3806
30.2704
52.7868
13.4
64.8158
89.8471
89.9879
45.1999
15.8
76.9246
1.76597
62.2235
54.403
48.5334
99.1416
43.3188
19.5961
4.46012
76.5947
5.30155
43.7452
77.2143
19.081
55.26
6.65735
24.829
62.0466
71.1736
69.3895
19.5433
40.6082
33.6374
95.1313
39.332
64.6059
75.1627
24.7001
14.1
6.82824
0.339545
75.2003
18.032
35.1151
46.3675
71.5136
43.1999
75.5975
79.1467
30.669
7.0379
84.2028
62.4361
48.2892
92.9427
72.5692
83.4542
81.7656
80.4993
27.2001
54.6365
41.6084
1.38794
97.8615
98.9991
66.1199
64.9996
49.5882
68.2593
7.83972
86.7591
89.4975
18.4055
68.982
73.5386
49.1272
65.2293
49.78
0.992967
4.52844
8.16748
51.1535
31.6553
64.0488
45.4524
68.7929
25.0082
66.2712
70.4612
96.2804
22.7001
70.8146
94.0991
41.6937
35.7841
28.5415
67.6929
45.1905
38.1957
98.5681
91.4012
49.0366
54.1449
81.4104
77.539
95.6792
49.9823
54.8394
88.9441
82.8275
71.0138
34.8294
20.4813
12.1948
92.5049
26.4617
96.7927
20.4
1.62125
98.7746
70.4995
21.1465
22.3581
35.0909
85.4831
39.004
45.1507
69.5038
10.7582
42.5755
23.6003
5.7
33.1766
95.2996
37.2347
66.6534
84.1862
10.4686
84.6077
6.30648
71.8015
50.4488
93.6729
83.4664
1.9
97.4967
19.6835
54.671
10.7
9.6519
64.7386
31.9399
42.6507
37.1177
50.9067
3.94696
94.4132
38.859
80.0975
87.8606
4.34294
32.0001
18.7739
37.2
5.05473
86.3189
21.547
59.1359
25.785
62.0442
73.6667
31.3843
16.512
3.22686
43.2254
1.44615
56.4675
0.890868
51.9389
83.7026
1.65222
67.1189
34.379
31.4305
19.1855
29.249
66.758
93.4991
90.2536
40.3
61.3933
79.959
50.9268
5.3343
39
85.7061
63.2313
48.5793
94.5866
67.8511
82.3893
66.4516
9.19003
66.7439
57.0331
49.8946
19.7144
86.3507
33.9763
43.9748
80.6761
49.2998
73.4101
44.4016
14.4977
94.8564
98.5946
32.357
9.17931
18.6867
3.67355
83.7363
35.2529
17.4028
59.4561
11.3348
18.884
13.8442
25.835
96.6492
41.4598
41.2429
67.0949
99.5954
75.7431
93.1889
82.4017
83.597
3.3184
11.5894
27.4685
4.7085
82.0993
96.021
53.8997
65.6582
83.5391
32.5095
40.3978
74.7375
74.1587
92.0992
64.3638
35.4684
7.31167
31.6467
87.7171
30.1216
83.2014
46.5745
85.8601
4.77108
52.9089
97.2991
99.6145
88.8239
3.13188
26.0001
91.1799
76.6872
88.1817
7.5553
87.2686
12.5748
73.2398
11.7565
32.2947
8.98521
29.9635
11.6288
2.80323
25.4001
26.2374
7.75629
12.8088
67.5995
55.9395
10.3762
14.7758
98.9192
63.8962
56.3266
52.141
45.1358
12.9637
76.6139
7.89999
73.1995
23.6514
48.7665
50.8183
58.209
55.3086
3.87576
75.4092
87.5469
58.5623
74.3899
55.6997
15.7
52.3473
70.1614
18.0972
24.9133
48.0648
26.2202
42.1053
60.3345
3.06839
67.732
7.07469
93.4233
96.6175
49.9365
61.3246
62.4878
18.1241
91.5426
53.7998
58.9997
79.5827
88.3992
23.0716
69.7305
87.0475
61.1488
52.1998
32.7083
63.2111
87.5189
27.8341
67.8725
1.09383
26.4132
88.0463
16.2507
9.14061
86.0766
80.9512
97.9503
3.07735
83.8643
63.8469
67.2317
19.9087
3.85985
80.3396
37.9152
34.476
32.6559
91.2936
37.7
26.4757
80.0871
6.42289
94.6674
78.5571
3.75362
63.3263
40.3126
17.7557
0.758409
2.16367
92.8895
97.5742
85.0826
34.6867
5.44414
89.0531
48.1364
23.6927
72.1311
63.2678
64.3866
8.84816
27.8444
18.1348
39.1625
88.0523
7.1581
55.7594
32.9983
19.9676
83.6844
99.1178
7.28475
21.5075
50.9565
81.5557
57.0818
41.4757
34.4612
12.9687
53.0796
49.4997
86.7887
60.8996
54.4345
75.3382
41.151
61.2894
23.66
17.5489
38.3265
15.8101
90.971
94.6292
32.3548
7.3
28.212
33.467
71.4995
50.9998
4.39143
37.4883
17
10.4451
53.6193
50.3871
28.3072
97.2225
29.3914
37.6
48.9125
94.9991
11.5015
10.5797
70.8964
80.2292
87.5555
1.43486
54.7679
63.6293
45.0604
3.65022
37.4288
5.07475
25.9001
67.5655
40.8736
49.4628
15.1729
74.889
25.8796
53.0703
29.6291
31.3483
82.7002
6.8
89.459
5.28658
99.807
29.7315
52.8998
59.4997
30.1532
65.7237
43.0727
99.1806
81.4962
26.8828
25.1029
46.5999
39.0203
20.2629
61.4662
34.9756
74.7189
87.0899
96.2569
53.3417
46.2423
44.4785
39.6808
20.1967
3.92154
40.1522
38.2355
30.8653
30.143
17.0711
81.3214
89.1536
13.5536
85.4287
37.6669
66.8996
14.0077
79.2027
83.2114
79.6215
76.251
37.0785
8.0122
16.4176
45.3218
26.2001
97.9502
78.8034
50.1021
42.7469
52.2085
91.3207
81.456
16.8571
83.4268
28.489
50.4205
1.6515
20.7386
23.4762
20.0336
11.4
94.6445
49.6586
71.8162
93.0405
13.6326
53.2769
76.9629
42.13
4.34654
67.9606
95.4071
36.4674
94.0374
21.3843
59.215
21.1167
90.3213
11.1542
99.4062
23.1835
1.93369
87.5292
47.18
11.065
0.451913
31.3601
97.3613
0.0602328
95.6326
6.87785
32.1001
80.9283
47.8935
90.8193
37.4
99.0991
31.9001
68.7563
73.8751
37.8
37.202
60.1089
95.1365
48.062
94.4507
97.0505
62.7161
77.2994
65.9257
30.0835
67.5702
97.195
82.0904
59.2686
30.2485
58.189
63.3573
3.30514
88.3364
78.3382
21.4385
27.062
99.4604
1.13885
29.1847
2.49679
37.7824
62.8273
40.0038
99.0293
25.7907
96.885
89.9383
86.1794
49.3974
17.2901
3.95898
1.40299
33.8263
6.45813
51.111
52.7566
77.6706
4.67936
79.9294
48.5899
74.3893
48.5287
71.2678
97.375
52.3396
37.0796
36.3869
53.7738
77.1211
87.1846
23.3535
52.54
66.6138
50.6023
52.5717
28.1636
6.0548
73.3392
23.485
53.7172
38.9461
7.62241
24.4275
36.3475
19.1486
49.2709
69.2429
72.2675
87.6712
17.597
35.0768
89.3937
38.2199
9.01042
0.752483
15.1164
84.0436
88.4083
22.0888
35.1962
90.3618
9.26487
76.4803
43.6999
47.7238
36.5315
66.3728
45.4999
47.6872
43.2469
34.9451
95.8555
91.0197
3.55315
92.7862
64.677
17.7641
28.8001
88.6135
99.9329
25.7001
69.8854
1.93922
75.735
81.9385
68.7189
62.8791
18.3562
64.8996
2.17073
33.7756
67.9189
35.9983
19.8789
68.232
85.4142
77.2315
22.8664
77.5753
31.0906
85.1513
70.8995
43.5019
21.9004
96.6615
92.2094
64.4454
76.1845
84.479
6.22339
89.9915
28.1619
28.8319
61.7996
62.5283
13.5083
15.2941
53.7867
35.2
74.8157
52.6372
95.0566
43.1046
85.9542
99.9288
59.6591
54.3885
52.5156
98.2991
79.4216
27.0552
37.0365
34.594
47.7419
65.698
56.5951
57.8135
47.6679
80.0463
59.3384
35.6064
85.1679
50.1577
86.7673
30.3001
74.4156
73.9905
97.5991
53.0595
61.5475
74.3822
94.8791
62.5773
7.61742
82.391
83.0938
92.328
51.569
54.0997
33.9001
70.8239
42.2649
32.4001
20.9335
6.34131
18.3492
20.6698
75.91
60.092
5.8292
37.1209
65.658
68.3791
60.2105
23.2376
12.2755
14.055
50.3473
100.199
58.6795
50.5786
5.05253
60.1184
67.418
38.31
41.7675
12.6341
46.2632
19.5756
7.56855
46.4496
30.7601
1.10374
45.7999
57.696
96.2129
63.014
27.4976
30.5001
58.9258
92.3641
78.9141
51.1998
75.3226
46.3142
38.3827
85.0148
78.1527
89.9123
42.6609
62.9369
76.2994
24.7078
69.0995
86.9087
0.258231
67.985
39.4355
72.061
13.5802
26.6774
48.2767
29.9013
60.0931
30.3467
54.9997
61.7329
30.9985
44.2164
67.7862
38.2852
55.1515
66.8127
64.5553
66.6376
48.941
24.8027
10.5949
6.63332
35.7696
30.619
47.2438
46.2304
20.6285
49.9361
92.5403
54.3459
56.2163
67.1154
45.8027
41.8999
85.0219
2.1251
58.629
78.6815
43.3647
83.1993
11.9
68.4274
98.0832
43.1577
37.5
82.5885
92.1808
5.47181
86.197
36.6867
82.1995
11.5
10.0361
23.7958
31.7979
16.2537
61.1008
90.9421
99.1757
37.4058
61.7078
50.1206
56.7997
86.1993
70.6561
20.0311
15.0503
21.833
54.6739
48.3998
23.8527
54.9492
33.9122
58.5404
39.047
82.852
19.6615
15.6141
64.4065
83.5577
36.2227
61.2486
56.0325
45.6418
50.4861
92.3215
70.0283
20.2085
10.1817
3.93415
13.29
40.3911
88.6535
2.85253
72.0347
25.4149
12.9569
57.8531
82.215
55.3319
28.6466
91.8992
90.6594
46.5078
51.8911
85.5145
4.2181
31.4035
94.3706
90.5992
54.0695
22.6452
78.216
9.50323
94.0196
47.1031
53.8042
93.0925
13.2976
48.7514
50.7783
99.0134
61.8208
11.9888
34.1099
16.378
0.395629
65.3084
27.852
74.0322
77.7501
74.6258
24.0072
94.7991
23.3002
61.2996
53.0462
79.7682
60.7996
36.9909
8.41383
92.3807
20.4423
44.2999
56.0977
25.974
81.9837
37.0088
65.1333
82.9867
42.7931
85.3948
73.5994
32.3001
68.8368
40.3078
10.3295
93.6753
81.4972
4.98314
86.9992
43.3045
15.2607
66.2743
87.8492
12.1979
14.3987
27.3844
90.8379
62.4724
1.89267
58.9494
92.1819
3.16055
46.1829
78.6603
6.9
21.2659
27.9704
31.8537
14.2532
23.4094
19.6307
78.337
53.3953
53.6019
96.7311
93.267
80.0902
46.0139
95.7031
71.9141
40.1244
89.5551
48.6465
45.3062
71.8949
12.8027
16.6392
15.501
73.8994
9.61279
52.3165
0.574429
60.8665
17.935
60.1541
93.6743
66.7059
15.2759
32.6861
93.7075
32.9051
77.3994
55.355
15.634
71.9718
42.0504
41.3057
10.8889
12.2899
43.5159
19.6
58.6471
65.6303
2.62859
59.6866
71.7995
84.0696
52.1266
16.2786
33.609
28.2876
28.5601
37.2042
37.5228
61.7291
1.25225
93.8539
62.8004
42.5128
21.4432
60.962
2.8
5.57226
28.9249
30.06
36.1282
19.6713
36.8604
3.54624
75.5046
18.8869
84.3442
15.2429
59.9846
34.3355
41.3113
48.3429
86.2591
77.6785
50.1365
89.7793
78.9792
89.685
7.41099
16.5525
92.5486
12.7042
60.933
38.6711
57.3756
26.8001
94.6299
39.3671
78.8183
43.8546
57.4877
61.1467
47.7338
22.4814
36.7
89.9604
33.5001
37.5557
25.8719
60.0786
90.4266
72.3389
49.1295
26.4356
97.453
38.1
28.001
61.6946
92.0083
15.232
2.49228
68.9466
19.9202
60.8776
24.5932
39.3926
79.5993
96.6991
77.8216
66.466
62.7849
8.50812
71.6708
51.1026
51.0387
7.65181
27.8531
3.63714
84.4232
78.7656
5.27583
88.9808
29.2895
35.9184
46.9999
98.9696
93.5483
70.7289
71.4557
1.28918
80.6993
86.0417
20.1993
95.8541
13.6267
68.9995
65.1026
29.2316
45.8331
81.1993
39.0623
36.6113
95.8636
97.2677
86.6263
74.6529
87.0992
87.0371
73.7215
69.0745
57.626
36.687
24.9318
97.4289
1.11471
55.2794
31.8001
45.9771
19.4072
69.023
41.7999
27.22
60.4804
45.8294
82.5693
84.2101
76.5457
96.5316
89.8819
78.4994
25.6104
50.9963
80.2668
66.3768
0.010984
95.6345
17.5384
40.6262
53.1959
96.1628
64.2553
52.546
72.4949
75.7064
65.155
3.12305
56.0781
82.098
99.4887
46.503
99.658
49.6998
49.559
36.4384
68.6837
63.1957
65.5502
9.59678
79.8104
22.8883
61.7122
11.1996
66.5696
62.5608
91.9685
19.4746
75.1011
55.913
4.2
95.8444
97.6238
50.6242
15.4892
41.8592
3.79524
51.4449
75.7884
32.0125
75.7962
23.7936
85.9281
44.4981
39.5
34.9415
67.8275
87.6089
75.3994
21.263
98.4996
42.6935
93.0108
89.8992
88.9719
78.0579
4.43186
14.7683
21.892
93.5599
81.1442
38.2
31.2771
64.7996
79.479
64.6021
49.0997
62.2249
54.374
89.5992
68.8311
65.1996
1.59242
65.5044
75.0994
26.8976
89.6992
24.002
10.0763
37.7589
20.9095
91.876
97.7965
42.3613
42.3999
60.7497
36.8
54.0653
93.7932
29.7389
23.6001
32.6001
92.828
25.4686
89.3204
25.0001
50.1075
19.0253
71.402
53.511
61.986
60.2533
19.2985
53.0125
7.32521
47.7662
85.1892
56.9997
69.5868
6.52715
34.5697
53.3036
86.5301
20.5456
62.0059
85.3757
78.1994
68.0499
90.1182
28.9799
55.3997
43.3234
2.80848
33.4525
16.5302
48.3356
43.6257
93.2161
42.569
20.0079
90.1634
48.6761
45.5999
41.0029
95.3984
81.3958
20.8
59.7997
40.4114
43.7999
41.5377
0.767647
39.2519
88.5804
57.0997
74.6582
24.4428
82.74
26.7088
24.0064
38.4
24.1922
43.5426
64.3996
43.2791
5.65762
43.7085
97.1639
75.0855
90.6631
81.1947
67.7647
48.4662
88.1965
56.6532
35.5533
92.5992
85.5004
28.009
84.7299
35.1074
87.6497
51.3437
23.2981
37.9569
51.1072
56.0856
41.8813
64.277
47.3708
72.5269
31.0438
16.4364
53.361
52.3018
53.0998
16.2
54.7317
52.3164
66.0637
1.55883
6.7
29.9547
52.4942
7.06839
46.7082
3.51974
26.245
18.9135
58.5645
36.9501
25.8506
9.4
41.1612
55.3854
1.57039
68.67
89.9146
27.8758
23.0001
82.6873
57.9387
83.576
42.2042
63.2475
94.2641
83.0447
57.5997
16.7008
28.9484
60.1077
93.5866
27.8764
25.1394
0.265779
39.3118
77.286
78.6021
81.3196
52.0656
13.9
74.9623
60.4898
76.8262
88.5992
33.4917
1.09839
36.8681
63.6105
19.2644
27.5609
11.8529
16.8844
83.9664
95.481
54.7404
98.7112
68.623
19.4129
28.8075
52.7024
22.7512
64.921
83.2985
54.5377
46.1123
90.9561
93.2295
61.8289
94.3991
4.57622
3.49269
9.1205
62.9996
33.8857
91.24
2.45263
55.5606
71.8753
65.5347
39.0566
74.4865
5.99163
81.7336
22.7084
69.6316
27.1342
75.362
15.51
90.1971
52.6642
8.59109
43.4939
18.289
35.9
18.9639
63.2996
11.4206
44.1356
36.7835
62.8864
57.5709
1.45186
32.3123
20.1337
53.4998
79.9684
29.7705
91.8212
71.9198
29.3872
18.6867
3.22536
3.53135
22.2498
38.4556
43.7667
16.507
9.20096
52.0823
39.2138
85.9726
20.6088
69.9951
11.8195
40.1904
48.2054
29.3856
11.8891
90.0992
58.5007
14.6438
99.2331
29.4038
25.1261
66.3959
46.7777
17.775
33.3139
79.8545
55.0592
53.9798
59.3387
52.0687
51.4481
76.2012
18.6
83.5912
36.3459
68.5212
93.8681
7.07919
35.1919
21.9708
1.8812
99.0251
6.48653
59.0947
32.8803
24.0811
86.1176
90.0844
37.6626
4.92486
86.7141
69.7767
36.6652
94.9015
89.6801
47.9113
87.1978
84.9715
89.5884
42.3346
46.1137
42.5371
68.6474
39.4
59.0997
84.8846
81.8287
14.9495
9.6
47.2999
20.2
61.6996
10.6123
37.6133
11.3537
18.4564
70.4534
25.6109
45.442
19.8601
30.7234
35.7213
23.5091
61.4996
37.3803
89.5282
60.3222
90.4989
67.4618
32.5481
41.0532
37.4529
3.06127
97.8991
53.6309
49.4913
60.9823
43.2324
60.3314
92.4875
46.8433
39.4344
96.2915
1.15317
45.9518
0.785177
79.6274
8.76688
94.5628
99.5955
72.05
32.8298
37.2181
9.6207
93.089
46.3613
91.6192
60.2032
10.1669
59.1997
57.7886
98.6292
80.2397
89.0859
37.095
51.5095
44.6999
59.3153
91.3481
90.2115
78.1349
99.4265
15.8973
57.71
17.2587
29.2197
17.4023
59.3266
24.2762
27.1001
82.793
30.9552
63.2962
59.8889
49.5349
29.8058
39.3
5.39166
11.0328
29.8134
35.3803
73.4399
45.9702
0.0670355
58.0772
45.8043
73.2119
31.5414
27.4681
80.3403
65.3712
89.4212
5.55286
15.5167
76.6504
30.7513
83.0993
46.1082
57.5029
19.5866
27.462
23.5938
13.4043
64.5458
0.21995
19.1516
57.5719
19.9016
77.2593
52.6555
68.3657
91.7451
76.1994
10.9
90.0049
21.3352
70.0093
64.6786
99.4769
47.0015
95.9991
16.2299
21.6077
7.47267
13.9366
40.0654
86.6383
73.4523
72.7843
18.083
58.8461
62.5693
67.1437
86.3108
71.2849
91.4414
35.7114
87.6
87.3148
64.547
83.4265
35.4675
96.4698
48.4454
1.37313
50.4998
14.0889
5.11353
78.3789
6.40661
14.3989
16.2678
27.8174
31.5638
43.3999
83.5517
67.6948
71.2995
80.3926
41.5606
78.5929
98.9956
96.961
20.281
37.9825
83.9259
51.1036
46.6582
3.07435
71.3073
26.3468
35.8549
63.0388
1.78938
52.0689
55.3238
50.7896
16.8
4.66124
63.2008
93.0372
72.1995
13.5916
19.2423
66.9995
0.123491
7.46783
33.1231
28.393
99.2959
85.7358
20.6191
30.6537
71.667
7.4
18.6192
22.7272
2.99771
79.5853
74.3203
63.3465
91.0783
2.53242
31.5129
59.9098
21.5795
63.2241
29.7434
97.8998
9.27911
28.6804
63.9938
37.9
83.4993
94.5985
43.1201
13.7
81.2639
19.4829
61.8755
15.4
1.2
15.2072
72.2995
14.6479
42.1835
50.552
8.81114
73.6016
52.2503
15.5047
40.2672
94.8563
80.1157
57.522
33.7001
73.0338
21.2298
52.1002
25.5001
68.6995
55.8053
73.979
57.4053
98.8672
5.16818
74.258
21.1409
61.6801
4.67005
54.1469
54.0794
95.9622
50.252
22.4136
60.2545
58.5275
22.5734
58.7028
78.122
31.1058
3.47626
21.3456
60.8961
75.4316
48.8214
82.8111
37.3059
21.7757
85.6873
63.764
67.334
48.1719
68.9282
84.1483
7.54334
80.2799
76.3416
96.409
49.4304
28.3739
40.7334
38.2424
25.1881
6.37674
4.25166
76.1575
57.987
57.1997
59.685
32.2538
20.2518
41.835
54.0528
45.1549
75.5169
1.30502
56.8997
14.4464
26.8848
25.9201
21.1975
8.80574
46.1198
75.6994
52.1294
41.7898
44.7731
8.69383
19.0506
3.30771
84.7631
12.6
37.5544
12.3511
24.6259
6.60948
32.7558
90.7992
15.027
86.5044
62.9288
76.9994
56.9453
16.9688
47.0353
93.5514
85.522
31.6818
20.4438
57.2784
65.4668
99.9911
84.2645
15.1874
31.3483
88.6627
49.1069
8.31435
20.657
75.9994
86.2805
88.7315
50.5282
6.22213
37.8768
35.1236
20.0729
43.5996
65.8135
83.4179
70.0844
48.9938
89.7093
37.5398
2.72805
32.5936
62.3606
44.582
85.0468
65.7609
12.4
68.1989
25.8547
21.7044
91.0139
8.20776
76.0488
44.799
27.093
98.8991
34.9808
9.67722
32.9297
58.2997
73.3095
18.6495
54.8568
12.4073
46.8305
12.6243
61.295
64.6687
68.4224
73.2826
78.9551
72.4995
41.3302
52.9149
91.3652
23.85
81.2993
50.5975
34.5
76.6269
18.5633
41.6343
1.47992
39.8481
36.7703
45.2202
32.6901
41.4038
63.4638
39.589
7.08803
7.41214
26.5973
82.9304
42.9683
42.4721
59.7883
8.03649
17.2265
60.3921
79.3542
11.0667
3.54915
29.5732
91.4041
87.8781
1.27828
97.537
50.9774
62.2996
87.1493
78.2453
49.5161
82.6134
8.7
50.1998
87.9687
58.6785
80.4675
86.1316
8.76357
41.7036
65.2627
74.5516
84.3993
62.4333
18.6888
95.4209
9.64923
33.775
80.6355
79.0477
47.7436
37.3292
20.7165
30.9088
1.89543
94.4405
12.4223
10.8975
11.1678
43.35
31.7001
59.7143
92.9228
86.4661
80.2567
47.9601
67.9913
44.8954
24.6482
6.20018
87.5719
14.2382
66.3825
98.5234
12.8751
26.8449
88.5431
7.94417
51.6666
33.7042
11.3789
93.1992
73.4925
69.8914
90.8833
84.2947
87.7685
22.5297
85.5272
71.8444
34.6715
47.8421
6.3068
84.3105
62.1296
43.443
98.4991
10.4383
88.1961
56.8865
57.8295
7.2235
8.55639
55.4759
86.7463
4.88112
20.0139
42.05
3.73045
57.8932
60.4487
92.8845
93.8186
32.0461
8.5
56.1778
99.999
92.711
26.5975
39.6543
79.7519
63.4996
71.7656
19.7
29.5769
18.1918
74.9994
63.6312
42.2441
26.0462
55.3132
72.3697
60.3883
1.69794
27.4061
70.702
73.8649
37.8269
44.6138
89.4556
47.7998
70.9386
29.2777
68.2777
87.2183
15.9864
22.3874
82.8974
60.008
63.3497
40.8251
53.0332
74.6994
81.5237
47.5607
76.9256
20.858
40.4974
63.515
4.6
97.4358
40.4053
63.0996
78.4596
51.3998
95.4208
79.8015
86.3833
49.8998
86.5993
98.4871
38.5228
15.1126
47.4245
64.4077
2.15568
90.9363
23.4373
58.3953
50.0592
28.3475
89.3992
8.28178
31.4322
76.5575
3.12181
38.6267
55.5997
0.873031
35.4044
92.3265
57.0612
10.2135
74.9013
53.7559
21.8021
6.27241
75.7483
73.3458
91.7838
70.6747
34.0942
29.9571
5.34278
54.6997
61.5996
63.3657
55.1501
50.5334
26.6765
34.6129
51.2766
46.4987
29.9001
54.1132
12.3614
91.0332
90.5382
78.7994
39.4788
67.5873
3.4796
95.1048
42.8315
89.4819
68.1084
13.8615
96.5176
60.6293
36.1617
2.37241
30.5598
50.7754
34.0001
67.1995
34.2001
68.3155
95.1212
37.6738
39.7089
49.518
31.3731
21.3024
21.1021
60.7935
12.5058
48.1998
29.0503
33.3449
8.93163
29.655
80.8563
57.8016
15.1592
74.4994
28.9798
97.4412
71.6685
68.0995
0.487525
28.3576
2.10238
33.8154
18.2
4.08519
36.6641
2.4
73.2412
12.1416
29.6185
22.2412
27.7149
68.5447
69.9995
30.24
28.4463
45.8219
61.4749
56.7028
63.5159
34.6288
86.5099
49.1686
1.3
62.5702
57.2109
50.7998
10.2319
95.7728
72.8851
14.8
0.308034
36.0446
44.0083
13.4605
12.6427
32.2001
11.6846
49.5998
30.6987
66.9618
16.0141
18.0132
39.7227
33.1409
90.2088
89.3856
44.8481
20.2927
65.6495
72.9182
43.8999
36.8098
88.0103
44.194
35.2741
9.8
90.5212
85.1161
32.5765
54.4279
15.3
82.8007
30.8532
77.3826
6.61312
75.4069
65.9808
22.5
2.82518
86.8953
91.3194
88.6696
91.0992
74.3958
32.2797
30.8043
11.5683
29.9078
78.5697
